1279
2559
3839
5119
6399
7679
8959
10239
11519
12799
14079
15359
16639
17919
19199
20479
21759
23039
24319
25599
26879
28159
29439
30719
31999
33279
34559
35839
37119
38399
39679
40959
42239
43519
44799
46079
47359
48639
49919
51199
52413
53634
54704
55846
56868
57845
58923
60203
61483
62755
63986
65266
66546
67826
69106
70386
71666
72946
74226
75506
76786
78066
79346
80626
81543
82735
83668
84862
85917
86799
87588
88332
89101
89474
89817
90169
90529
90903
91331
91717
92064
92444
92818
93227
93549
93984
94320
94655
94975
95312
95646
96095
96632
97120
97465
97787
98100
98439
98761
99067
99067
99359
99666
99968
100267
100561
100956
101252
101549
101839
102139
102431
102723
103026
103332
103623
103918
104212
104503
104791
105089
105365
105650
105937
106226
106512
106903
107181
107471
107784
108069
108343
108625
108896
109181
109473
109751
110028
110308
110595
110877
111173
111463
111740
112020
112313
112609
112892
113169
113459
113732
114024
114311
114588
114865
115152
115429
115718
116007
116300
116581
116860
117146
117436
117711
117976
118247
118529
118812
119100
119380
119657
119941
120336
120622
120906
121194
121587
121891
122175
122462
122754
123038
123354
123628
123910
124185
124470
124849
125141
125429
125717
126021
126321
126622
126915
127186
127480
127772
128046
128046
128334
128633
128918
129194
129468
129770
130164
130439
130727
131011
131287
131574
131857
132129
132421
132697
132969
133351
133707
133996
134280
134560
134849
135135
135413
135710
136098
136380
136664
136960
137256
137539
137830
138120
138398
138808
139087
139375
139657
139933
140209
140482
140771
141047
141333
141625
141912
142186
142464
142744
143026
143308
143573
143855
144145
144429
144697
144991
145266
145550
145827
146103
146389
146672
146959
147243
147522
147803
148090
148378
148666
148947
149230
149514
149812
150093
150373
150664
150962
151259
151549
151839
152129
152409
152702
153025
153315
153596
153876
154166
154450
154739
155015
155292
155587
155970
156259
156532
156817
156817
157085
157371
157641
157920
158201
158566
158864
159239
159610
159910
160191
160489
160773
161057
161343
161705
161984
162268
162540
162822
163115
163409
163697
163988
164260
164534
164810
165101
165380
165660
165939
166219
166487
166771
167055
167343
167632
167906
168181
168455
168733
169020
169300
169588
169866
170155
170441
170725
171006
171301
171597
171875
172168
172439
172728
173013
173389
173688
173980
174275
174559
174838
175127
175403
175690
175976
176250
176551
176888
177171
177448
177782
178065
178352
178637
178913
179201
179472
179761
180032
180306
180590
180882
181168
181471
181764
182048
182336
182627
182921
183206
183486
183783
184063
184345
184627
184933
185208
185500
185500
185791
186061
186347
186632
186921
187206
187486
187765
188049
188337
188624
188908
189185
189457
189749
190028
190312
190598
190873
191149
191436
191742
192025
192308
192599
192876
193163
193456
193732
194008
194302
194577
194869
195176
195469
195736
196014
196297
196569
196871
197152
197437
197717
198008
198287
198572
198859
199132
199406
199684
199968
200255
200551
200852
201129
201417
201691
201976
202272
202568
202840
203113
203391
203673
203961
204239
204531
204806
205095
205373
205657
205941
206214
206504
206777
207039
207313
207599
207884
208157
208442
208746
209035
209313
209608
209876
210168
210447
210726
210996
211275
211564
211853
212136
212426
212722
212999
213286
213575
213575
213866
214161
214440
214724
