1.0161912441253662
2.117161512374878
3.2136316299438477
4.288917303085327
5.383401870727539
6.462674856185913
7.570152759552002
8.611868619918823
9.679843187332153
11.038349390029907
12.005974292755127
12.99988341331482
13.965078592300415
14.925215244293213
15.924906253814697
16.931618452072144
17.979891777038574
19.050597429275513
20.029278993606567
21.260624408721924
22.282302141189575
23.261584043502808
24.266717195510864
25.251776218414307
26.268121004104614
27.295674085617065
28.296846389770508
29.28583598136902
30.266296863555908
31.537431955337524
32.54780673980713
33.542951822280884
34.56537938117981
35.58056664466858
36.583451986312866
37.587424993515015
38.59735584259033
39.599976778030396
40.61524724960327
41.846538066864014
42.824599266052246
43.803531646728516
44.6281840801239
45.51342964172363
46.327266454696655
47.07960319519043
47.965975284576416
49.000075817108154
50.04873538017273
51.09729242324829
52.048832654953
53.35384178161621
54.45979142189026
55.53626990318298
56.564209938049316
57.80271315574646
58.79064345359802
59.76822805404663
60.74488306045532
61.741963148117065
62.73018288612366
63.94670081138611
64.92459177970886
65.8936676979065
66.65987586975098
67.69021129608154
68.45016670227051
69.45483183860779
70.37704396247864
71.1184196472168
71.76740837097168
72.37162804603577
73.00336623191833
73.30047249794006
73.78861951828003
74.0689914226532
74.35220098495483
74.64575672149658
74.96615171432495
75.2731122970581
75.5571711063385
75.85171127319336
76.15264797210693
76.46964883804321
76.71709489822388
77.11075854301453
77.35920262336731
77.66248273849487
77.9012234210968
78.18310976028442
78.46113872528076
78.7892837524414
79.2261369228363
79.63623142242432
79.92653846740723
80.17159175872803
80.45159149169922
80.73919439315796
80.98419451713562
81.2507541179657
81.2507541179657
81.53175330162048
81.77509021759033
82.05547761917114
82.3024263381958
82.54442930221558
82.87068128585815
83.14868068695068
83.38568210601807
83.61668181419373
83.85768103599548
84.37232279777527
84.61132335662842
84.85350441932678
85.134352684021
85.36935377120972
85.6123538017273
85.90635633468628
86.15141248703003
86.38741159439087
86.66846036911011
86.90194725990295
87.15858292579651
87.40628933906555
87.65590858459473
87.93895936012268
88.26451396942139
88.49151396751404
88.73516154289246
89.03516149520874
89.27073240280151
89.50273156166077
89.73633098602295
89.96633076667786
90.20747756958008
90.48547792434692
90.72464418411255
90.95864367485046
91.19579982757568
91.48181056976318
91.7138249874115
91.95911931991577
92.20775151252747
92.44806218147278
92.71466183662415
92.95365166664124
93.1952211856842
93.43398547172546
93.71247029304504
93.94640064239502
94.18304657936096
94.41874170303345
94.69574117660522
94.93007040023804
95.17429971694946
95.41129970550537
95.89590787887573
96.17199277877808
96.4069938659668
96.64799332618713
96.88864970207214
97.1261522769928
97.44654107093811
97.68061184883118
97.91620135307312
98.14774799346924
98.37774777412415
98.64974784851074
98.88388252258301
99.12611150741577
99.36625909805298
99.59927701950073
99.88145542144775
100.22386884689331
100.45811223983765
100.70839548110962
100.96832728385925
101.32095503807068
101.64295697212219
101.90789651870728
102.17347264289856
102.46147322654724
102.70347356796265
102.95737028121948
103.19691157341003
103.47991108894348
103.72347593307495
103.96747660636902
104.31047654151917
104.55949544906616
104.80550837516785
105.09161829948425
105.34031176567078
105.59031176567078
105.8802661895752
106.12436485290527
106.36136507987976
106.60436511039734
106.89862751960754
107.4299669265747
107.4299669265747
107.68596601486206
107.93061351776123
108.21368169784546
108.45368194580078
108.69868278503418
108.93922281265259
109.27652525901794
109.55066585540771
109.79731225967407
110.04152846336365
110.29034805297852
110.52988266944885
110.80955576896667
111.04654169082642
111.29653263092041
111.53653264045715
111.77782821655273
112.11563777923584
112.44163656234741
112.68764543533325
112.96622347831726
113.21478700637817
113.45778727531433
113.7057876586914
113.94441723823547
114.23299431800842
114.57724523544312
114.81478667259216
115.05334520339966
115.34447765350342
115.5962507724762
115.84486055374146
116.09008765220642
116.38111901283264
116.62110948562622
116.98512768745422
117.23767042160034
117.48567223548889
117.77823758125305
118.02523970603943
118.26083493232727
118.49883532524109
118.74384665489197
119.2437355518341
119.5357358455658
119.77927923202515
120.02527832984924
120.26343560218811
120.54117369651794
120.78284668922424
121.02228307723999
121.27036046981812
121.50536394119263
121.75428938865662
122.05212354660034
122.30687499046326
122.54792332649231
122.78948211669922
123.02907347679138
123.308669090271
123.55366826057434
123.78924345970154
124.0354437828064
124.27750444412231
124.55550026893616
124.79356074333191
125.03723287582397
125.28178286552429
125.52878093719482
125.81140875816345
126.05640983581543
126.29633235931396
126.53532314300537
126.82303309440613
127.0740065574646
127.3313467502594
127.57334661483765
127.86189317703247
128.11997437477112
128.36461639404297
128.61661672592163
128.90652775764465
129.14907240867615
129.3870723247528
129.63207173347473
129.93007230758667
130.17061638832092
130.4116189479828
130.9493110179901
131.19931173324585
131.44631218910217
131.69732213020325
131.98371529579163
132.23106336593628
132.47394633293152
132.81827211380005
133.06344079971313
133.29298734664917
133.57098746299744
133.57098746299744
133.81061506271362
134.05861449241638
134.29839849472046
134.55039811134338
134.79825258255005
135.1333351135254
135.41733264923096
135.75724625587463
136.05224561691284
136.34306454658508
136.58227920532227
136.8289918899536
137.11751008033752
137.38203477859497
137.64030718803406
137.9701759815216
138.22378158569336
138.46578216552734
138.70878267288208
138.99094009399414
139.23656368255615
139.47856426239014
139.72214341163635
139.99814295768738
140.24022245407104
140.4772243499756
140.72841668128967
140.97129607200623
141.2618978023529
141.499897480011
141.74535822868347
141.98978066444397
142.50099730491638
142.7493119239807
143.0299093723297
143.2769694328308
143.50897312164307
143.76067304611206
144.0076720714569
144.290221452713
144.52822160720825
144.7812216281891
145.02486038208008
145.2724359035492
145.54843544960022
145.7980101108551
146.038010597229
146.2821204662323
146.52612018585205
146.82762598991394
147.08348941802979
147.34544372558594
147.63646459579468
147.87208652496338
148.11365008354187
148.3656485080719
148.71226000785828
148.95791292190552
149.2394678592682
149.48646759986877
149.72906827926636
149.97257351875305
150.25715136528015
150.49715089797974
150.7408525943756
150.98542714118958
151.2283182144165
151.51531744003296
151.78036236763
152.06399655342102
152.31349301338196
152.58649158477783
152.87911295890808
153.1209089756012
153.3699095249176
153.61117792129517
154.1583275794983
154.3961455821991
154.64014530181885
154.87973022460938
155.12193894386292
155.36673092842102
155.65528655052185
155.90583610534668
156.1609501838684
156.44395112991333
156.68825459480286
156.93987202644348
157.1980438232422
157.48912644386292
157.73532843589783
157.9763286113739
158.21701574325562
158.45801496505737
158.75601530075073
159.00801515579224
159.25957131385803
159.49257159233093
159.77514123916626
159.77514123916626
160.02319622039795
160.2598135471344
160.5033676624298
160.79111576080322
161.03713726997375
161.2892620563507
161.5322620868683
161.77601385116577
162.06254959106445
162.31474137306213
162.55774211883545
162.80034399032593
163.0759792327881
163.32097864151
163.55997776985168
163.79916620254517
164.0422079563141
164.32421779632568
164.56722044944763
164.80736351013184
165.05792427062988
165.3100335597992
165.85660934448242
166.10417771339417
166.34989523887634
166.58487677574158
166.8619577884674
167.1103639602661
167.3609426021576
167.6078917980194
167.87636494636536
168.16599035263062
168.41599082946777
168.66098976135254
168.9561402797699
169.1922583580017
169.4372582435608
169.68325924873352
169.91983461380005
170.20841002464294
170.4544072151184
170.70140838623047
170.9374692440033
171.19810223579407
171.47710251808167
171.7235152721405
171.96745944023132
172.2099094390869
172.45619320869446
172.74344658851624
172.98744654655457
173.23410439491272
173.48211073875427
173.77032589912415
174.0103259086609
174.2569224834442
174.49992179870605
174.74649858474731
175.032457113266
175.283118724823
175.5216302871704
175.76628470420837
176.0012845993042
176.27733302116394
176.5223319530487
176.76460027694702
177.0092294216156
177.63024997711182
177.87438249588013
178.11197209358215
178.3599717617035
178.61097240447998
178.90260100364685
179.1673183441162
179.42031598091125
179.66531682014465
179.91085958480835
180.37186098098755
180.68485927581787
180.9224488735199
181.1661605834961
181.40316009521484
181.68292689323425
181.92297339439392
182.16350865364075
182.40841126441956
182.65241122245789
182.93007349967957
183.16809177398682
183.40309238433838
183.63909125328064
183.87774419784546
184.15529537200928
184.38929557800293
184.62829637527466
184.86988353729248
185.1490626335144
185.38732075691223
185.62832045555115
