22.521101216414795
30.88106215789865
10.621205204683696
4.196427051671457
5.197114584074513
3.7735924528226414
4.742362280551751
4.214261501141095
2.8354893757515653
2.764054992217051
3.6891733491393435
5.426785420486054
4.354308211415448
18.40652058374966
2.934280150224242
19.936148073286375
2.2891046284519194
15.068178390236824
4.049691346263317
10.81480466767662
5.532630477449222
4.069397989875161
3.794733192202055
5.706137047074842
6.54217089351845
4.060788100849391
4.004996878900157
3.8522720568516444
6.5642973729105245
11.681181447096865
4.369210454990696
24.41823089414956
2.009975124224178
2.9597297173897483
2.9681644159311658
21.43571785595248
3.2015621187164243
2.615339366124404
4.001249804748511
9.330058949438637
28.43255176729658
37.06278456889066
74.94804867373132
31.455365202139998
82.78049287120729
133.57787990531966
73.63803365109635
9.170059977993601
14.057382402140167
18.511888072263186
23.419863364247025
2.72213151776324
3.0919249667480613
20.33740396412482
22.675096471680117
12.611106216347556
7.08801805866774
17.302023003105738
6.331666447310693
4.346262762420146
1.7916472867168918
13.061393493804557
3.7629775444453557
2.244994432064365
128.30467645413398
75.90520403766793
146.1643253328253
42.9074585590897
108.02110904818556
60.95375296074885
148.60285999939572
150.72521355101804
121.68911208485335
97.78675779470348
80.143933020535
137.5594416970351
117.7164389539541
113.00707942425554
139.2480161438575
111.4488223356353
117.54356639135978
102.02529098218736
110.60904122177355
133.41967621007032
82.88811736310579
167.04981293015567
107.98722146624573
82.96270246321536
79.4584167977188
98.64081305423227
105.61742280514139
120.53916376016552
144.2538041092851
170.54840954989876
68.65282222895138
99.00787847439211
63.38840587993992
99.29879153343207
87.74987179477814
89.66069372919216
89.66069372919216
45.10388009916663
59.87495302712146
63.21582080460554
50.59930829566744
55.360635834498865
160.12810496599278
37.22687201471539
66.21668973906804
56.71860364994893
87.6867150713265
62.75635425994726
45.66223822810266
95.8347014395099
82.03292022109173
72.47268450940672
67.75610673585076
47.4278399255121
65.16141496315132
45.805676504119006
58.86425061104575
47.543243473705076
40.32926976775057
39.615779684363154
70.78311945654839
61.949656980486985
163.17536578785413
50.12544264143709
46.39655159599687
123.05482517967347
68.75034545367754
44.40675624271604
47.5015789211264
36.64764658201124
57.1192611997039
59.87486951969081
42.01237912806177
36.4374807032539
45.961288058539
37.5026665718586
63.57955646274988
80.50838465650644
47.260554376773875
32.656546051289624
49.23779036471884
70.08430637453723
75.37240874484509
41.73020488806639
41.24330248658562
46.65018756661113
44.32617736733002
51.33653669658677
72.33954658414719
40.626223058512345
18.18378398463862
49.29756586282937
42.19964454826604
72.79045267066279
56.898945508682324
63.37673074559778
51.250853651427114
46.1216868728801
50.96233903580172
53.21992108224137
54.13141416959287
22.58782858089728
32.31857051294194
48.05247132042222
49.278900150064224
40.904767448306075
33.83489323169204
54.87121285337148
63.36276509117954
164.30593415942104
50.80511785243687
35.111251757805505
48.34045924481893
173.10889636295414
59.52176072664518
35.941062866865806
44.674489364737006
44.92616164330089
65.08271659972408
127.0124403355829
41.10766351910553
88.92108861231964
44.301354381102165
58.16192912894138
138.34102789845102
51.16053166260101
61.99548370647656
56.755968849099915
86.62794006554698
65.72853261712146
68.47547006045303
45.654025014230676
37.609174412635014
77.94716159040046
71.30946641225133
46.94422222169625
46.94422222169625
57.96516195095119
104.04945939311744
54.65244733769934
54.30801045886325
43.102668130870974
72.92900657488761
156.05258729031056
34.27024948844114
51.69874273132761
47.42573141238836
31.145465159473858
58.97838587143598
64.87287568776337
38.205235243353755
37.955236792832686
52.17508984180095
52.724187997540554
140.25052584571654
138.4173399542124
46.769755184306874
53.8531336135605
46.223803391759105
47.386601481853496
43.46262762420146
30.970308361396725
45.01610822805543
152.21222027156688
47.81045910676868
83.70567483749235
47.75981574503821
40.5788122053862
61.87576262156289
84.17178862302974
70.08880081724898
39.98949862151312
171.25781733982248
51.666333332258056
59.83677798812366
41.12955141987327
39.89034971017427
31.40127385951086
33.58586011999693
66.89132978196801
38.122958961759515
57.67287057187288
50.55333816871048
66.55741882014357
59.657690200006904
56.6713331411923
40.99317016284542
44.66049708635138
44.04815546648918
37.446628686705566
48.28705830758382
56.643093135880214
39.62373026356807
25.048752463945185
39.70642265427597
41.36290608745957
51.15662224971465
28.518239777377566
33.971164242633776
78.57200519268933
35.80069831721163
71.97228633300459
22.07351353998724
45.789627646444124
45.281894836678376
52.267485112639584
59.887895271081284
59.522768752805845
43.5555966553094
45.124383652300445
51.990768411324716
45.649096376598735
17.023806859806655
38.58445282753145
55.48522325808917
48.808196033043465
61.85377918931065
50.047577363944406
51.616276502669194
62.42275226229616
43.82510695936748
64.89753462189454
119.62278211110123
56.36310850192704
55.6561766563245
43.179161640772975
54.99781813854073
73.40408707967151
48.70615977471433
47.09819529451208
51.37908134640011
46.465148229613995
134.04107579395207
61.68054798718961
43.45353840598024
49.39888662712956
49.39888662712956
29.72608282300243
70.06825244003164
37.31541236540205
47.0468915019898
33.373792112973916
122.1574803276492
70.08537650608721
172.44175828377533
171.73191316700573
44.73969155012135
83.3895077332874
38.091468861150524
59.965323312728
58.410273069041544
80.8371201862115
119.86008509925232
47.14286796536672
36.22982197030507
43.9663507696511
62.1919608952797
36.03123644839294
63.01142753501146
64.44222218390672
65.8368437882619
39.01230575087815
39.85172518223019
44.8481883692084
46.454386229935274
41.45419158541148
55.42779086342879
32.28637483521493
49.4
42.10985632841794
50.84486208064685
67.75721363810646
68.65129277733959
38.60375629391523
45.661362222342866
39.271490931717885
39.4187772514572
40.06794229805169
69.07828891916765
65.18251299236628
51.81930142331137
39.451742673803395
74.84951569649598
38.173289090671766
60.0116655326279
41.68704834837794
62.85101431162428
69.66606060342438
56.76935793189843
61.85668920981788
24.59857719462652
73.94599380629082
54.79279149669234
157.676377431751
65.48442562930518
54.0274004556947
84.46946193743631
48.73356133097601
43.71967520464899
34.38153574231378
34.19064199455752
35.8286198450345
49.3295043559126
35.12605870290602
66.28189798127389
134.568532725894
51.37557785563097
32.94556115776449
159.04389331250667
48.08419698819977
39.73474550063206
81.72276304677906
28.681701483698628
61.0
40.163291697768
51.89499012428849
39.88546101024783
45.33034303863142
58.547075076386186
79.29665818935878
56.293871780150276
80.88541277634675
53.926709523203805
47.82509801349079
67.62721345730579
66.00219693313245
30.643759560471686
67.75256452710849
45.69857765839107
37.23828674898994
29.937267744401794
56.032490574665694
45.02932377906646
50.4793026893201
42.551263200990874
73.12838026375259
73.12838026375259
44.515278276115495
40.98975481751507
40.36780895713812
41.8388575369835
31.446621440148384
41.93101477426942
45.44667204537644
61.0630002538362
41.80861155312383
83.45921159464665
49.02336177782996
57.637140803478445
51.79237395601788
33.736626980182834
41.821525558018564
33.11027030998086
74.16036677363455
39.366991249014696
39.62839890785395
27.39269975741712
48.34263128957711
51.96306380497593
56.20898504687662
37.340192822212366
40.93910111372745
37.04875166587938
48.47153804037995
84.72573398914878
31.40127385951086
40.82205286361773
61.30937938031993
50.143892948194605
62.63034408335947
75.86731839204546
58.820829643928015
30.040805581741648
59.59161014773808
52.46722786654542
46.24456724848877
58.479398081717626
38.491687414297644
56.59408096258831
33.71587163340138
55.182334129683206
41.663053176645604
30.04013981325653
40.897554939140306
34.84092421277025
35.31062163145815
31.831431007731965
68.46049955996523
59.15648738726802
56.87213729059248
67.48518355905983
58.5375947575573
64.16728138233691
41.752125694388305
46.671725916233264
72.31569677462839
45.082147242561554
32.30851281009387
38.60893678929789
29.618237624814885
32.078653338318304
57.752575700136525
48.307763351246145
55.141635811789264
36.70163484097132
59.71507347395631
44.53043902770328
74.50530182476949
56.532822324734504
27.280212609142183
54.26638001562293
25.61269216618979
21.69239498073
34.8975643849252
45.575870809014724
46.84282228901243
35.134740642275986
56.416398325309636
89.68411230535763
43.55926996633438
56.204626144117356
76.15044320291248
49.35422980859897
52.81514934183184
46.87653997470376
30.584473184934872
32.37838785362854
32.975900290970074
31.65833223655346
48.78329632158942
51.67639693322281
52.23944869540642
61.84496745896145
41.83073033070305
58.49863246264822
63.07939441687753
63.07939441687753
31.7214438511238
54.31841308433081
37.9395571929879
40.38861225642693
