-71.0
-68.06
-62.584
-57.4956
-52.97604
-48.918436
-45.3365924
-42.182933160000005
-39.124639844
-36.3721758596
-34.00495827364
-32.054462446276
-30.1690162016484
-28.95211458148356
-26.826903123335203
-25.594212811001682
-23.794791529901516
-22.865312376911366
-21.978781139220228
-21.160903025298204
-20.314812722768384
-19.463331450491545
-18.816998305442393
-18.155298474898153
-17.73976862740834
-17.175791764667505
-16.718212588200757
-16.30639132938068
-15.985752196442613
-16.537176976798353
-16.09345927911852
-16.63411335120667
-15.910702016086
-15.4396318144774
-14.96566863302966
-15.479101769726693
-15.381191592754025
-15.003072433478623
-15.03276519013076
-15.379488671117684
-13.371539804005916
-14.384385823605324
-10.57594724124479
-9.97835251712031
-5.610517265408278
-0.5994655388674506
1.2404810150192946
-0.793567086482635
-2.2442103778343716
-2.109789340050934
-2.988810406045841
-3.519929365441257
-3.9479364288971315
-6.523142786007419
-9.290828507406678
-9.92174565666601
-10.08957109099941
-10.86061398189947
-10.964552583709523
-10.95809732533857
-10.692287592804714
-11.223058833524243
-11.380752950171818
-11.282677655154636
-2.964409889639171
-3.767968900675254
3.438827989392271
1.844945190453044
4.940450671407739
8.926405604266964
21.903765043840266
33.10338853945624
40.35304968551062
67.66774471695956
92.05097024526361
112.84587322073726
129.44128589866355
141.8971573087972
156.73744157791748
164.20369742012576
178.2933276781132
184.2439949103019
195.89959541927172
209.43963587734456
223.8556722896101
229.1301050606491
239.07709455458422
247.89938509912582
258.96944658921325
265.50250193029194
271.91225173726275
270.2310265635365
262.62792390718283
256.28513151646456
261.4266183648181
270.8039565283363
280.9335608755027
284.8902047879524
291.8411843091572
301.4170658782415
301.4170658782415
312.7953592904173
320.0458233613756
327.48124102523803
334.8431169227143
342.45880523044286
343.8429247073986
350.19863223665874
355.62876901299285
361.9658921116936
365.6493029005243
370.60437261047184
375.10393534942466
376.8835418144822
377.89518763303397
381.7956688697306
384.52610198275755
387.1734917844818
390.1861426060337
393.4475283454303
394.4027755108873
399.64249795979856
402.6282481638187
404.8954233474368
406.55588101269313
408.6202929114238
404.1582636202814
407.9624372582532
409.0261935324279
409.43357417918514
411.42021676126666
415.39819508514
417.35837557662603
421.37253801896344
422.1652842170671
421.4487557953604
423.6438802158244
425.789492194242
427.17054297481775
427.003488677336
427.8231398096024
425.7408258286422
425.086743245778
427.1280689212002
428.33526202908024
426.83173582617223
424.848562243555
425.6337060191995
427.60033541727955
426.78030187555163
429.47227168799645
428.0650445191968
427.78854006727715
429.49968606054944
431.0997174544945
430.53974570904506
432.0157711381406
430.9641940243266
429.9577746218939
428.2919971597045
429.2127974437341
430.42151769936066
430.0993659294246
429.0094293364822
431.07848640283396
434.9406377625505
437.1365739862955
436.98291658766595
436.61462492889933
435.2531624360094
435.62784619240847
436.6150615731676
436.09355541585086
427.92419987426575
427.85177988683915
428.16660189815525
427.6499417083397
421.09494753750573
418.1254527837552
419.43290750537966
420.05961675484167
419.5736550793575
420.73628957142176
415.5426606142796
419.1483945528517
420.7535550975665
423.60819958780985
424.1773796290289
421.499641666126
420.8496774995134
421.1247097495621
421.3522387746059
418.3170148971453
416.4253134074308
414.4927820666877
414.333503860019
418.6501534740171
417.9051381266154
417.67462431395387
421.0271618825585
421.0271618825585
421.24444569430267
419.2100011248724
420.1990010123852
422.89910091114666
425.769190820032
422.65227173802884
416.21704456422594
419.5453401078033
419.910806097023
421.0197254873207
423.65775293858866
423.8419776447298
424.74777988025687
427.8130018922312
426.53170170300814
428.6185315327073
431.2966783794366
427.29701054149297
424.7873094873437
424.4385785386093
425.11472068474836
426.54324861627356
425.9789237546462
426.0810313791816
427.79292824126344
425.5636354171371
418.8872718754234
420.45854468788104
421.55269021909294
420.0974211971836
418.8476790774653
420.29291116971876
419.9736200527469
419.9362580474723
422.26263224272503
413.3763690184525
416.2087321166073
416.8478589049466
418.70307301445195
421.59276571300677
424.1734891417061
427.0861402275355
426.527526204782
428.5947735843039
428.45529622587355
427.14976660328625
426.92478994295766
429.3723109486619
430.7950798537957
431.65557186841613
432.0100146815745
432.3490132134171
436.0641118920754
435.9977007028679
434.3379306325811
434.064137569323
437.0177238123907
434.4159514311517
435.8843562880366
435.39592065923296
436.44632859330966
437.5416957339787
436.5075261605808
436.16677354452275
435.12009619007046
434.7480865710634
435.3832779139571
435.5949501225614
434.5454551103052
433.3709095992747
432.3538186393472
432.82843677541246
432.8755930978712
432.7280337880841
429.71523040927565
430.47370736834813
431.3063366315133
429.905702968362
427.1551326715258
424.9296194043732
424.3566574639359
423.86099171754233
423.37489254578816
424.9774032912093
423.76966296208843
419.0626966658796
419.0564269992917
420.8807842993626
422.7327058694263
422.3794352824837
423.26149175423535
423.0453425788118
425.48080832093063
427.5027274888376
425.62245473995387
421.99020926595847
421.90118833936265
425.0410695054264
425.3869625548838
425.3869625548838
429.2082662993954
429.00743966945583
432.0666957025103
433.0300261322593
433.4570235190334
430.76132116713006
427.9051890504171
424.5346701453754
422.3312031308379
419.9380828177541
421.6742745359787
419.78684708238086
420.8681623741428
421.90134613672853
422.4712115230557
420.4840903707501
422.5856813336751
423.42711320030764
426.6444018802769
427.51996169224924
426.11796552302434
424.5661689707219
424.4095520736497
423.6785968662848
426.8307371796563
429.2676634616907
431.12089711552164
429.73880740396953
430.9149266635726
431.7634339972154
432.65709059749383
433.31138153774447
436.32024338397
435.78821904557304
435.34939714101574
434.1144574269142
432.8530116842228
434.7477105158005
436.2229394642205
437.7606455177985
438.32458096601863
437.0621228694168
437.27591058247515
435.88831952422765
436.5594875718049
435.0535388146244
434.24818493316195
433.9233664398458
434.26102979586125
431.7849268162751
429.32643413464757
430.7137907211828
428.9924116490646
431.80317048415816
430.75285343574234
430.6275680921681
427.3048112829513
424.70433015465613
423.7138971391905
422.2525074252715
423.1072566827444
424.92653101446996
424.52387791302294
426.77149012172066
426.6043411095486
426.64390699859376
429.1395162987344
425.93556466886093
415.9520082019749
417.7068073817774
420.46612664359964
414.7395139792397
416.55556258131577
417.3500063231842
418.54500569086576
421.4505051217792
421.6054546096013
425.1549091486412
424.7494182337771
428.02447641039936
430.3620287693594
430.4458258924235
428.8812433031812
428.69311897286303
425.17380707557675
423.9464263680191
424.6917837312172
424.5626053580954
423.7963448222859
422.4767103400573
423.15903930605157
424.76313537544644
422.7768218379018
424.4591396541117
425.5532256887006
426.53790311983056
422.5641128078475
425.23770152706277
424.1339313743565
424.1339313743565
423.45053823692086
427.0854844132288
427.09693597190596
427.27724237471534
426.63951813724384
426.90556632351945
428.11500969116753
429.4135087220508
429.5921578498457
428.9729420648612
428.58564785837507
428.8870830725376
430.5483747652839
433.01353728875546
431.2721835598799
432.25496520389197
432.1494686835028
431.6545218151525
433.41906963363726
434.79716267027356
433.8474464032462
429.1427017629216
429.57843158662945
429.93058842796654
428.6075295851699
430.2767766266529
429.73909896398766
428.1151890675889
430.04367016083006
431.7793031447471
429.7413728302724
431.69723554724516
430.04751199252064
425.4927607932686
424.2334847139418
428.36013624254764
429.8441226182929
430.2297103564636
432.7267393208172
428.8940653887355
429.734658849862
429.67119296487584
430.58407366838827
429.21566630154945
430.4240996713945
430.31168970425506
429.81052073382955
432.1394686604466
434.06552179440195
434.99896961496177
434.6390726534656
433.685165388119
431.0566488493071
427.7009839643764
429.4808855679388
428.87279701114494
431.12551731003043
430.9629655790274
428.58666902112464
426.42800211901215
429.32520190711097
431.7426817163999
432.9084135447599
433.17757219028397
432.17981497125555
433.30183347413004
431.47165012671707
433.2544851140454
432.0190366026409
433.1371329423768
432.9634196481391
432.7870776833252
434.83836991499265
433.2945329234934
435.29507963114406
439.34557166802966
440.5710145012267
439.2339130511041
438.2605217459937
439.78446957139437
438.7360226142549
433.9224203528294
432.7001783175465
433.75016048579187
431.2851444372127
434.51662999349145
432.52496699414235
433.44247029472814
434.22822326525534
436.7254009387298
437.18286084485686
435.61457476037117
434.18311728433406
434.11480555590066
432.6233250003106
430.06099250027955
431.58489325025164
430.9164039252265
429.95476353270385
429.95476353270385
428.7092871794335
426.74835846149017
428.20352261534117
428.5231703538071
