-65  -97  -91  -96  -77  -76  -86  -93  -89  -94
-94  -98  -109  -51  -79  -91  -90  -74  -82  -64
-83  -87  -97  -20  -78  -96  -11  -5  -11  -14
-15  -7  -11  -18  -14  -16  -9  -10  -12  -13
-9  -9  -5  -12  -12  -7  -20  -15  -9  -12
-8  -7  -13  -11  -15  -12  -9  -11  -32  -8
-8  -11  -7  -9  -9  -9  -9  -8  -12  -14
-26  -16  -74  -4  -12  -11  -10  -15  -12  -24
-11  -11  -8  -12  -11  -11  -13  -13  -13  -11
-14  -15  -14  -7  -13  -54  -10  -8  -10  -13
-16  -9  -12  -11  -11  -13  -9  -3  -9  -11
-14  -14  -10  -10  -13  -5  -8  -10  -5  -10
-15  -6  -35  -12  -11  -16  -8  -6  -7  -9
-17  -14  -7  -7  -7  -16  -25  -9  -44  -7
-12  -18  -10  -13  -6  -7  -12  -11  -11  -6
-11  -12  -12  -14  -17  -8  -13  -10  -10  -12
-12  -9  -11  -7  -11  -24  -5  -11  -61  -14
-6  -11  -11  -29  -8  -53  -9  -11  -29  -14
-51  -13  -7  -5  -6  -9  -11  -9  -5  -10
-13  -29  -9  -45  -21  -10  -10  -13  -5  -8
-9  -5  -12  -5  -9  -8  -10  -6  -12  -5
-11  -4  -5  -15  -24  -10  -50  -9  -5  -8
-6  -14  -6  -6  -8  -26  -10  -10  -6  -15
-12  -14  -15  -10  -7  -40  -22  -9  -8  -6
-20  -27  -13  -9  -13  -29  -7  -4  -11  -9
-21  -18  -6  -6  -12  -6  -8  -9  -11  -5
-7  -13  -9  -4  -6  -14  -7  -7  -4  -10
-4  -8  -6  -9  -7  -3  -7  -7  -13  -10
-44  -10  -8  -5  -9  -10  -62  -9  33  -61
45  29  -17  -77  23  -65  -25  46  77  56
52  94  54  -67  28  -15  -21  -42  -30  -50
15  52  -14  53  50  -34  -55  -12  -45  -18
-13  155  -76  -43  -24  57  -43  -23  -48  -26
-24  -7  -13  -10  -4  -27  -6  -19  35  -54
-36  -47  -6  -7  -18  -14  -10  -63  -16  38
43  -10  275  -10  -10  -7  -59  54  47  -38
-9  -3  -16  50  -45  -7  -14  -5  -10  49
-12  -5  -7  55  52  -14  -15  -18  -11  -14
53  52  47  -11  -8  -39  -12  -15  55  54
-18  -48  -54  52  34  -14  58  55  54  53
51  59  -9  -81  -83  -23  -21  -6  -18  57
-5  96  -23  -8  195  56  53  340  159  52
-31  -46  -11  -14  56  56  -28  -13  -9  -32
-44  -46  -7  56  56  51  -25  17  42  24
57  -16  -12  55  54  47  50  48  54  55
-5  -14  -4  56  53  59  58  159  115  52
55  -11  -18  -23  50  -16  58  58  220  57
-55  237  239  298  378  55  96  55  359  56
-53  159  199  39  56  96  199  54  300  359
140  138  48  56  -60  57  56  96  59  300
58  58  300  56  174  197  98  60  159  57
155  237  98  59  98  218  199  298  340  -80
117  300  77  157  197  256  176  178  157  77
117  178  319  57  216  420  56  43  178  157
117  235  54  275  157  298  56  239  237  279
79  59  -11  98  197  98  59  59  56  298
239  277  157  -45  55  220  157  237  53  56
260  -53  73  300  115  117  59  338  94  47
319  195  157  300  378  180  59  138  279  239
199  176  180  98  338  199  157  300  298  56
178  279  38  298  237  79  338  258  197  218
79  279  260  300  256  359  180  279  178  138
53  -9  199  220  57  159  300  256  176  77
140  220  178  279  155  260  340  260  159  298
359  60  359  140  178  239  258  279  199  239
258  119  57  134  58  279  298  256  399  56
180  340  119  55  117  197  59  380  197  218
157  258  275  41  199  220  140  51  279  300
199  178  77  218  98  58  159  317  180  119
138  115  239  277  176  298  258  178  138  199
359  159  300  298  98  59  340  300  260  378
319  239  258  380  239  359  420  300  77  60
260  340  300  359  359  180  279  218  319  298
51  279  319  300  279  239  420  258  218  279
239  197  239  138  317  359  319  319  319  359
199  319  199  300  59  140  298  136  256  138
340  237  399  319  319  420  338  279  319  319
399  277  319  319  359  258  176  159  378  359
300  178  399  279  279  340  239  239  218  298
235  420  220  220  420  319  178  237  300  340
159  340  298  258  340  359  98  239  319  277
399  298  159  319  300  340  277  399  340  260
69  258  100  359  338  260  218  359  378  319
359  359  277  138  298  378  420  338  340  319
279  239  340  319  340  180  340  340  -3  239
319  340  319  399  258  218  298  380  159  140
237  359  279  298  399  380  399  300  380  300
239  340  359  180  218  300  340  197  218  420
296  117  380  420  279  340  279  298  178  279
279  359  -9  340  218  340  359  420  317  399
399  380  340  279  420  420  319  380  140  378
420  319  260  340  319  359  420  300  359  420
420  340  378  380  357  38  338  300  197  399
420  180  300  399  359  359  359  420  277  359
359  239  380  279  380  319  319  399  420  319
338  380  399  359  380  50  197  300  359  380
420  420  420  380  380  420  359  319  319  279
258  380  359  420  380  220  340  420  399  380
359  359  380  260  380  378  420  359  340  359
57  359  338  378  380  340  420  258  338  380
260  399  340  399  340  380  340  239  359  380
300  338  380  380  420  26  340  420  359  359
399  340  420  59  319  340  399  37  279  380
380  420  399  319  359  340  239  298  420  340
300  380  340  319  340  420  300  340  340  380
399  380  420  340  380  239  300  340  239  340
199  380  220  380  319  338  44  279  -10  340
380  380  319  399  359  340  380  319  298  319
279  340  420  340  420  359  380  340  380  300
300  420  399  340  380  216  20  380  340  380
359  420  359  380  260  128  380  319  380  378
380  380  380  300  399  380  420  258  260  378
317  128  420  340  300  399  338  300  380  340
29  399  380  359  340  340  420  260  380  319
399  399  31  340  359  420  338  7  359  5
378  359  220  260  300  420  260  420  359  319
380  420  319  420  399  340  340  399  359  380
237  359  420  239  279  36  279  399  340  340
239  317  279  340  319  399  359  279  31  279
399  420  380  340  359  399  338  220  359  420
399  420  338  420  239  319  380  218  279  380
239  300  399  298  380  420  359  378  359  239
300  380  300  279  -115  380  420  380  300  380
399  380  380  298  178  399  420  340  357  380
380  380  359  380  420  258  380  340  340  340
420  420  340  359  359  380  260  378  279  359
258  420  279  340  298  319  300  359  300  340
298  378  260  357  380  340  298  380  399  359
300  359  420  380  420  357  399  380  340  380
218  380  380  340  380  298  317  380  420  420
298  258  340  340  258  399  380  319  178  216
420  58  260  399  340  359  380  359  420  380
279  359  380  420  -18  420  319  380  300  380
420  319  380  279  45  300  340  380  340  380
399  380  260  279  319  340  380  218  319  317
380  359  359  260  338  380  237  359  399  380
380  38  319  420  359  380  218  239  399  399
380  39  380  338  380  399  399  279  380  420
340  380  300  420  380  300  399  319  359  340
420  399  420  399  399  399  260  399  380  380
420  317  340  359  338  359  128  380  119  134
399  -16  359  220  380  380  300  420  378  359
380  399  380  359  239  420  359  338  380  -113
420  359  319  338  380  380  420  380  378  420
380  338  277  340  420  338  399  298  420  380
359  399  380  279  47  420  359  260  199  300
319  340  340  420  319  380  298  359  380  399
359  420  -105  319  380  340  378  340  340  300
359  399  237  239  298  258  399  359  380  300
357  258  279  172  340  359  359  340  279  359
359  399  340  420  340  380  420  380  380  319
420  359  239  340  359  359  300  399  218  338
399  319  380  399  340  340  260  359  199  180
258  258  319  420  399  359  -24  378  359  340
260  420  300  340  157  420  340  380  380  359
380  319  399  420  340  380  359  300  420  279
359  420  46  380  380  317  260  319  340  319
42  300  300  378  420  399  380  260  340  260
340  300  298  420  340  420  298  399  298  279
380  399  380  359  380  279  338  380  380  420
260  300  340  -29  359  420  298  298  340  399
420  340  380  199  380  338  279  380  254  300
319  340  279  298  319  218  399  239  380  319
420  359  359  378  140  380  399  380  319  420
319  359  340  399  260  338  319  359  279  277
359  378  338  359  359  44  380  399  399  380
380  340  237  279  420  220  380  300  340  340
420  340  338  420  300  380  319  399  380  340
319  338  420  380  359  319  180  380  319  380
300  260  380  380  399  420  420  420  29  357
279  338  300  380  319  44  319  420  420  420
319  420  380  77  380  218  420  380  399  319
420  300  340  380  378  300  279  399  357  380
380  20  319  340  359  380  380  380  380  340
359  420  340  359  420  380  380  340  380  300
380  359  300  340  298  300  399  420  380  359
420  159  340  239  359  420  340  399  239  399
319  359  380  260  319  380  298  420  300  399
338  298  380  300  399  319  359  319  279  277
380  338  359  300  420  340  359  420  380  300
380  420  380  420  380  420  340  380  380  300
338  340  300  399  340  340  420  338  279  380
298  277  340  380  340  399  340  399  420  338
319  420  180  420  258  380  420  399  279  420
380  340  340  340  239  359  420  420  319  300
260  340  380  340  340  399  340  380  380  380
420  399  298  300  239  380  359  359  46  380
359  340  399  300  359  340  340  338  298  298
298  317  420  380  300  340  218  380  340  300
420  380  359  399  260  420  340  319  300  380
380  300  399  300  378  260  359  399  300  380
340  340  220  239  258  340  420  214  340  359
319  359  359  357  340  340  239  319  260  340
300  338  380  319  420  319  359  380  319  420
380  399  380  420  399  298  359  239  399  338
399  298  317  399  380  359  380  420  420  319
258  399  340  319  279  380  380  359  359  298
338  218  338  380  279  319  420  359  279  380
340  260  420  319  380  298  420  380  319  28
420  380  380  340  340  380  338  359  300  420
338  420  380  319  380  300  340  420  218  180
300  298  359  340  380  380  300  378  380  319
300  399  380  420  338  279  300  340  319  420
420  359  380  359  380  340  420  233  319  420
319  279  420  258  151  237  420  359  300  277
300  420  317  319  279  420  340  380  380  380
340  357  300  399  359  300  340  50  279  319
359  380  380  7  300  399  338  220  420  340
298  420  420  340  340  319  319  340  380  420
380  420  380  380  399  380  279  380  277  380
340  380  300  359  380  300  117  300  420  300
359  380  420  420  380  338  359  279  319  279
340  399  380  399  220  359  420  218  340  319
380  319  380  420  399  359  199  359  300  340
319  338  340  380  420  359  359  340  340  319
359  378  420  199  298  199  340  279  340  340
359  319  359  380  399  420  340  319  380  319
380  380  319  279  359  359  380  399  399  319
420  218  420  340  359  260  380  378  279  340
420  300  -115  359  399  340  33  277  420  277
35  319  380  399  359  420  399  399  380  260
359  340  359  420  359  338  338  260  359  319
298  359  380  380  399  420  199  319  319  218
58  319  378  340  338  338  239  319  420  380
380  298  340  300  380  380  319  258  420  420
378  340  420  193  380  399  380  117  420  420
319  359  319  399  359  380  319  79  239  298
399  420  319  340  420  279  298  298  260  239
420  258  300  399  258  237  199  378  20  338
239  338  420  298  399  420  380  420  380  239
359  380  319  380  340  380  420  420  319  319
340  279  340  317  359  260  420  51  359  338
239  359  420  319  319  380  399  340  340  338
380  237  279  420  260  380  359  340  279  319
420  420  420  399  340  359  399  359  300  420
340  260  340  420  380  239  380  359  380  239
359  279  340  380  300  420  319  420  420  258
420  359  380  115  218  380  340  279  399  340
359  340  420  380  399  300  359  380  420  420
340  378  380  319  380  258  359  340  300  319
111  239  399  399  279  237  359  260  378  277
420  359  420  399  380  380  399  338  260  340
340  380  380  258  420  340  338  359  218  380
319  319  298  237  319  340  359  420  300  359
380  319  340  260  420  340  380  380  399  300
298  319  279  319  260  300  298  319  359  300
258  359  298  420  279  359  260  258  420  46
380  380  239  340  300  380  279  300  378  220
399  340  300  340  359  420  359  340  380  16
399  338  359  340  319  359  340  359  359  340
180  359  380  380  300  340  319  359  420  420
319  378  319  380  380  319  380  378  279  380
239  319  399  319  380  279  420  399  300  340
340  420  420  239  279  279  300  420  420  420
378  300  319  298  340  319  420  399  298  279
298  420  380  338  340  340  420  359  380  298
340  132  420  319  258  420  420  359  399  399
420  319  319  319  340  399  279  420  399  298
420  359  338  420  399  420  279  319  340  420
300  298  380  359  420  77  380  399  359  239
420  319  220  340  420  317  399  380  378  420
420  338  298  279  239  420  420  420  340  258
319  340  380  420  260  340  420  420  298  319
380  340  399  378  220  378  359  359  279  380
380  319  420  380  420  420  399  399  338  340
319  359  420  420  340  359  180  380  258  157
420  359  12  399  399  420  256  380  298  279
340  357  300  420  338  420  380  420  340  237
279  399  340  317  420  298  340  380  279  420
420  340  380  300  300  340  380  399  319  216
300  258  399  420  399  359  380  399  340  338
239  319  340  279  340  260  338  420  380  220
340  380  420  298  399  298  340  340  399  420
300  279  380  319  298  340  340  237  277  359
399  380  319  380  359  380  359  300  399  340
359  298  300  359  239  399  317  319  420  300
359  258  380  420  -33  380  399  420  399  258
340  338  359  399  319  378  300  319  338  359
380  359  258  420  300  380  300  298  359  300
380  256  380  359  399  340  359  260  338  359
279  319  19  380  380  399  300  380  277  340
420  380  218  279  399  298  380  380  279  340
279  159  340  300  298  399  399  399  359  380
340  340  420  380  340  340  399  300  258  239
277  380  340  380  380  380  380  420  380  399
279  193  399  338  319  420  317  420  380  300
399  359  300  420  380  399  239  380  340  420
399  340  279  399  380  340  277  300  340  359
260  300  378  420  380  380  338  340  380  399
420  300  340  380  300  359  399  239  319  359
338  239  420  420  319  -1  340  378  380  359
340  359  239  420  359  319  319  380  319  380
45  380  380  359  237  359  420  279  399  300
319  317  378  300  380  380  399  180  338  420
359  380  399  359  340  300  380  298  359  260
420  340  340  420  338  319  340  380  378  260
220  340  380  338  298  380  399  399  380  317
399  399  359  378  340  380  380  420  319  319
359  420  380  319  399  300  399  399  380  279
420  199  380  300  199  420  340  239  300  380
359  319  378  279  420  340  380  340  319  300
399  340  399  359  300  357  359  359  260  380
380  380  359  319  237  380  300  319  317  420
359  298  359  359  319  300  420  399  338  340
319  340  298  399  338  399  340  399  399  260
338  340  420  340  340  359  340  380  340  378
420  319  420  317  420  140  300  300  380  380
420  380  258  300  399  279  420  420  298  359
59  399  338  380  420  340  260  420  399  420
258  359  380  -14  380  399  380  340  380  340
338  258  378  420  420  359  340  338  420  338
340  340  260  359  380  380  399  338  239  359
420  279  340  420  298  340  380  338  340  319
279  357  399  359  359  420  298  380  340  420
420  380  359  399  359  399  319  300  420  220
300  420  420  380  359  197  399  300  338  340
109  420  279  359  319  420  340  420  340  380
380  340  298  399  319  380  399  279  359  319
319  24  380  380  420  279  399  279  220  319
151  300  300  420  380  340  319  399  380  338
298  340  399  380  340  340  300  357  399  300
340  319  359  298  319  378  279  260  340  31
298  300  380  420  380  300  380  399  420  317
380  420  420  399  399  340  340  380  380  340
300  340  420  359  10  260  279  298  378  359
338  260  319  277  340  260  399  380  300  279
279  380  239  298  420  319  340  298  420  218
359  340  420  380  380  199  420  420  338  159
260  380  298  420  338  380  420  359  319  380
420  340  420  420  420  340  258  260  359  420
319  359  258  340  380  300  380  340  319  279
420  420  380  420  298  25  380  319  338  340
340  340  319  359  340  319  420  399  340  380
380  300  380  399  359  380  300  380  420  340
399  340  340  380  300  338  380  340  338  378
380  319  239  380  17  300  420  420  340  359
380  399  420  340  340  380  319  359  359  300
260  279  359  380  300  420  420  380  239  258
380  380  380  359  300  300  380  340  380  380
300  300  380  340  338  380  380  380  380  399
357  380  319  420  420  260  399  37  359  380
380  340  420  420  420  420  319  378  380  359
359  239  399  300  220  300  298  340  340  380
357  340  359  340  399  300  380  340  380  260
260  380  399  380  359  420  399  319  279  380
380  420  300  380  -6  300  319  420  237  380
420  260  300  380  319  300  279  359  420  380
296  157  319  420  357  23  300  340  380  359
319  279  420  298  420  399  359  380  380  340
319  340  37  340  359  380  420  378  380  298
277  260  420  300  338  319  420  256  378  380
319  420  380  340  380  338  380  69  319  380
380  399  380  399  340  218  380  340  239  193
300  79  420  239  340  159  380  380  399  300
380  298  380  159  380  420  380  258  319  420
317  420  197  298  279  359  420  260  420  359
420  340  298  378  218  239  399  359  359  340
359  199  300  420  399  420  380  340  159  380
399  380  319  420  359  279  239  420  340  340
298  319  380  420  420  258  380  340  340  420
199  380  420  258  380  380  319  340  380  420
340  260  380  420  319  319  359  359  380  279
420  340  279  260  319  380  340  340  340  300
380  420  380  340  420  279  380  420  296  420
380  420  399  157  340  420  340  300  298  359
260  279  420  338  420  378  420  380  300  319
279  319  199  279  279  359  380  420  260  140
340  380  319  359  380  239  338  298  300  260
380  319  380  239  399  420  380  359  300  340
399  378  399  380  380  317  380  399  159  378
359  380  378  399  399  359  380  378  420  300
420  340  199  420  258  420  399  399  359  319
119  340  399  237  380  420  298  380  399  359
98  277  319  359  359  420  298  399  420  319
300  340  380  340  319  340  380  359  300  279
300  300  317  279  359  279  380  340  359  319
340  380  338  319  380  420  300  420  359  420
420  340  399  340  420  359  380  319  399  380
-97  378  218  338  378  359  380  380  359  340
380  378  420  258  380  338  380  340  300  420
340  420  399  300  199  380  380  420  399  359
319  298  338  340  319  340  420  380  239  420
319  380  340  239  239  239  420  239  420  260
258  279  317  178  178  340  239  319  340  199
380  380  359  239  338  340  380  359  338  380
420  380  399  420  258  359  359  -5  340  420
298  420  340  319  340  340  359  380  340  300
319  340  359  340  340  420  279  380  340  359
380  239  340  380  380  298  380  340  420  -94
359  279  380  340  279  399  380  338  380  340
420  279  420  380  220  319  420  340  380  420
298  197  319  420  340  359  279  260  359  359
378  279  420  340  380  300  338  319  319  359
420  380  220  420  420  319  319  340  340  380
420  298  298  319  279  298  338  380  340  378
319  380  319  399  340  420  399  260  279  298
239  420  380  380  279  279  420  399  239  380
420  338  340  380  420  300  380  380  319  399
380  420  420  399  300  260  260  199  340  380
300  340  237  340  319  359  319  279  380  359
380  340  357  338  380  340  380  399  359  359
338  298  340  117  420  277  359  399  340  338
338  380  420  300  359  380  340  359  380  359
237  298  258  279  340  359  258  300  420  359
420  359  380  359  380  378  378  380  340  239
258  340  300  380  319  300  319  340  380  399
399  338  340  359  380  319  380  357  357  338
380  298  399  239  319  420  380  319  340  420
319  399  340  399  399  319  220  239  359  359
359  399  340  420  340  380  340  380  260  340
420  279  220  340  239  359  319  380  359  359
220  359  359  298  420  399  380  359  218  399
338  199  180  300  420  380  420  279  279  298
380  260  359  340  319  317  298  279  359  378
420  359  378  298  319  420  359  338  199  359
300  319  338  359  380  359  359  359  380  279
420  399  340  279  279  359  319  178  420  340
258  380  298  340  260  157  420  380  399  420
239  380  340  319  420  399  340  359  239  359
380  380  260  399  216  239  378  399  359  420
380  218  338  239  319  340  178  300  340  380
399  340  380  279  399  420  359  220  420  300
258  420  218  239  380  420  420  399  420  220
399  300  300  380  319  340  340  399  258  338
420  380  220  136  319  340  420  380  258  277
340  300  340  359  279  420  380  319  340  319
279  380  380  279  359  420  380  279  399  279
420  399  220  340  380  380  380  380  380  359
420  159  260  378  380  218  298  340  300  319
380  420  220  300  420  279  399  380  359  340
319  420  420  359  220  359  420  298  340  340
380  340  399  357  359  399  340  420  300  420
319  159  340  380  319  300  298  359  380  220
399  359  199  359  319  258  420  300  319  420
338  378  378  220  380  218  298  300  279  380
300  319  239  300  260  399  380  180  319  340
300  317  380  298  300  180  338  319  300  420
359  300  359  239  260  300  340  260  338  340
319  279  319  340  340  300  338  338  420  180
340  340  340  420  178  340  319  239  69  380
380  420  300  359  239  359  239  300  420  317
359  300  380  340  300  199  300  380  239  380
218  420  378  319  300  380  340  359  340  298
319  359  237  340  340  378  380  359  359  239
380  420  420  380  319  420  359  357  359  380
260  279  359  340  340  399  380  260  298  300
380  260  359  380  260  180  399  399  420  239
359  420  359  317  340  420  380  420  340  380
218  380  359  420  420  420  300  319  239  340
420  380  218  420  399  300  420  420  380  420
380  340  300  298  199  359  300  380  359  380
380  239  420  399  338  399  258  300  319  216
180  319  340  359  359  359  420  380  220  380
260  359  420  340  220  300  298  260  340  420
399  399  420  380  359  420  380  380  178  220
55  279  380  319  420  340  420  399  359  340
359  319  279  420  399  338  340  420  319  260
420  340  420  380  300  319  260  420  378  380
378  340  279  319  258  340  298  380  340  216
300  300  340  399  300  359  380  258  378  359
359  279  279  359  340  300  279  380  399  300
119  277  218  420  279  380  359  340  319  340
420  237  239  338  298  220  340  359  340  378
300  199  338  319  340  319  260  220  338  380
340  380  338  399  260  218  319  300  340  359
338  359  279  319  340  319  399  319  340  359
300  380  319  338  359  359  420  319  359  340
260  319  420  199  380  359  279  319  340  300
340  220  340  319  380  319  340  399  380  300
199  239  298  319  380  380  380  300  239  359
420  420  199  380  258  380  399  380  237  300
399  220  380  258  300  260  340  260  359  359
380  399  380  420  340  279  279  260  420  279
380  140  359  300  399  359  420  300  319  340
399  380  279  380  420  420  340  319  399  300
399  420  260  319  399  380  380  340  420  279
420  399  378  380  380  380  155  420  420  359
420  239  420  399  338  359  378  359  420  359
319  378  380  140  420  279  300  420  359  359
260  380  420  338  279  420  378  300  340  298
380  359  319  380  319  378  359  300  420  420
380  380  279  359  380  279  380  420  420  380
298  340  279  420  279  399  338  298  380  399
399  420  -2  340  296  380  340  300  319  359
420  -7  380  420  338  279  279  319  359  317
279  279  380  380  380  340  380  298  420  338
300  420  338  420  340  380  180  380  340  420
300  399  399  239  420  218  359  199  340  279
338  300  420  300  380  380  340  380  298  380
420  359  319  399  420  399  420  237  260  300
277  420  420  338  300  279  420  340  399  300
258  258  237  237  380  420  378  237  420  279
220  260  357  378  359  420  399  279  300  359
258  357  359  300  399  359  380  300  380  420
399  178  319  359  300  357  338  319  420  300
378  399  420  340  340  319  359  260  300  258
319  298  300  420  359  420  199  420  359  399
399  380  300  359  340  340  319  359  359  380
359  359  378  399  380  319  380  399  420  380
378  380  399  300  319  260  380  298  380  298
