-60  -89  -74  -101  -95  -97  -38  -65  -50  -41
-78  -93  -79  -51  -35  -40  -9  -6  -10  -15
-11  -44  -10  -10  -11  -9  -6  -8  -17  -7
-9  -13  -8  -19  -15  -15  -15  -11  -7  -5
-8  -9  -10  -12  -27  -12  -10  -9  -14  -12
-11  -16  -18  -8  -13  -18  -9  -8  -9  -14
-12  -12  -9  -13  -8  -17  -7  -13  -24  -16
-15  -17  -14  -9  -16  -11  -21  -7  -10  -18
-9  -12  -12  -10  -14  -15  -12  -6  -10  -16
-11  -14  -9  -11  -12  -12  -13  -11  -6  -17
-18  -10  -13  -18  -7  -15  -9  -16  -11  -10
-21  -15  -11  -6  -11  -10  -10  -18  -23  -20
-10  -13  -10  -13  -22  -12  -19  -16  -10  -7
-13  -72  -6  -15  -11  -18  -12  -17  -6  -10
-7  -4  -11  -11  -7  -9  -5  -12  -3  -8
-6  -11  -11  -7  -4  -7  -9  -8  -74  -8
-12  -9  -7  -10  -6  -5  -9  -5  -8  -5
-13  -7  -8  -12  -11  -59  -12  -11  -8  -4
-13  -18  -20  -7  -7  -15  -13  -15  -17  -15
-16  -7  -9  -10  -22  -43  -7  -9  -5  -10
-14  -10  -5  -9  -10  -16  -8  -15  -14  -26
-10  -16  -12  -14  -20  -4  -9  -10  -11  -12
-10  -9  -16  -20  -15  -15  -7  -16  -11  -11
-12  -11  -6  -6  -14  -10  -24  -21  -8  -10
-18  -11  -32  -14  -12  -8  -13  -9  -11  -12
-7  -12  -11  -12  -15  -22  -13  -7  -10  -12
-16  -18  -14  -13  -13  -11  -5  -8  -10  -18
-12  -21  -14  -13  -14  -7  -11  -8  -16  -10
-18  -7  -29  -11  -13  -18  -7  -7  -11  -10
-24  -13  -14  -34  -22  -50  -14  -13  -21  -10
-20  -9  -7  -12  -10  -11  -8  -10  -20  -14
-10  -7  -94  -21  -13  -16  -14  -13  -12  -15
-11  -5  -10  -9  -12  -9  -12  -8  -10  -8
-10  -15  -9  -11  -6  -11  -13  -13  -8  -16
-16  -11  -6  -7  -11  -13  -14  -8  -10  -11
-14  -8  -14  -11  -15  -40  -8  -6  -7  -78
-10  -20  -13  -14  -12  -19  -17  -16  -13  -11
-12  -10  -9  -8  -13  -18  -13  -11  -11  -11
-19  -13  -10  -9  -21  -15  -21  -15  -13  -17
-12  -11  -14  -39  -7  -17  -30  -20  -23  -12
43  -14  -7  -13  -13  50  -10  -22  50  -17
56  -80  -13  -85  -13  -16  -18  -22  -14  -30
50  55  -18  216  45  -18  -46  -63  27  -11
-10  -21  59  -28  -8  -16  -19  -39  53  -17
44  -58  -24  -7  -9  53  38  258  54  -12
52  -97  277  317  -42  51  -60  -18  -17  -18
-14  53  218  -14  -10  -14  -15  54  -36  -44
-24  -27  -9  -27  -12  -38  -11  -20  -12  -11
-34  -5  -13  -8  -49  -4  -18  -7  -8  -7
-13  -6  -2  53  -13  -13  -7  -5  -2  -1
52  -28  -29  -23  -32  -8  -2  -25  -7  -7
-9  -9  -12  -4  -10  -9  -4  -8  -6  -12
-8  -14  -7  -10  -9  -6  -4  -11  -5  -4
-19  -7  -16  -11  -24  -35  -80  -37  -46  -22
-14  -49  -51  -9  -63  -66  -51  -7  -10  -22
-7  -16  -18  -52  -9  -8  -13  -13  -12  -8
-15  -10  -11  -14  -1  -3  -21  -7  -25  -9
-13  -14  -12  -11  -13  -17  -9  -69  -6  -14
-7  -10  -7  -11  -12  -11  -13  -8  -10  -30
-16  -13  -14  -14  -9  -10  -4  -7  -17  -5
-9  -5  -7  -8  -12  -7  -10  -8  -9  -8
-9  -16  -8  -10  -11  -8  -30  -50  -12  -6
-15  -11  -15  -15  -11  -8  -10  -19  -17  -7
-6  -13  -13  -13  -8  -9  -10  -10  -12  -10
55  -15  -4  -3  -6  55  174  56  -13  420
-8  -79  -3  -55  -2  197  -60  -83  -13  -4
-19  -86  157  277  380  -64  -4  -4  -5  51
57  -110  -3  -6  -1  -2  -9  -64  19  -6
-1  -8  -1  -2  -87  338  52  52  -12  -3
40  51  56  88  -31  56  195  -4  -2  -1
-12  -13  220  56  52  -4  357  357  57  317
380  46  359  55  117  233  -40  237  0  -48
-2  -2  77  50  50  -2  79  277  378  151
359  57  315  258  380  277  336  399  416  338
157  336  338  378  218  296  439  357  239  357
94  199  59  279  479  458  296  399  399  338
140  98  460  340  378  378  258  340  117  279
218  54  159  239  399  439  319  138  319  256
277  355  418  174  399  296  298  359  399  -72
113  277  298  340  319  56  216  57  380  258
399  338  439  296  115  376  317  55  338  378
77  256  279  279  138  199  298  378  378  96
357  258  25  399  399  277  420  256  258  359
399  357  296  338  376  376  319  -43  458  437
378  159  315  437  338  439  439  378  376  277
-86  98  380  319  157  380  220  439  399  460
59  376  418  199  319  380  420  378  378  359
357  277  317  418  338  418  359  197  416  176
420  399  319  298  479  420  338  296  197  420
378  340  380  117  338  197  336  479  399  279
277  338  75  298  397  420  458  418  258  357
460  300  256  357  277  155  -7  195  338  220
199  319  216  418  237  195  176  -104  294  -8
48  439  56  277  399  -99  159  136  418  159
319  197  378  359  277  357  420  214  260  296
359  420  77  338  380  340  380  439  439  380
399  338  437  258  279  378  439  336  418  439
439  258  300  439  237  420  300  399  298  115
359  418  399  420  437  197  439  298  199  378
340  500  460  460  298  500  340  218  420  340
359  420  378  460  420  500  460  378  359  418
418  380  319  418  420  500  300  300  399  399
439  439  378  378  378  357  458  237  460  420
378  319  338  420  418  500  460  380  399  399
380  439  397  279  439  418  380  500  439  439
258  378  378  -87  479  380  460  479  420  418
420  420  399  399  439  399  319  439  460  380
439  460  340  315  500  357  458  300  439  437
439  298  399  460  340  420  437  500  439  458
258  460  418  338  239  397  500  500  439  439
439  460  418  338  300  439  378  500  380  500
399  420  380  359  359  460  439  500  380  460
460  397  500  279  458  380  258  500  460  237
258  479  296  420  439  380  479  399  260  460
359  399  279  479  500  437  458  439  319  500
418  500  319  399  439  460  260  439  397  460
460  380  357  380  500  378  460  357  399  439
420  479  420  338  500  500  380  298  458  380
378  439  439  460  359  458  338  479  418  460
258  439  460  359  399  458  380  420  397  460
439  399  500  500  458  439  479  336  439  479
380  399  500  399  418  420  380  460  479  460
399  460  378  500  399  397  460  460  380  420
380  439  500  300  319  500  399  399  500  479
460  500  460  338  319  479  397  439  500  380
500  500  -96  399  460  439  378  340  380  340
458  336  418  479  460  458  437  500  376  500
458  338  359  460  418  420  458  458  359  458
500  420  56  399  479  439  460  500  439  439
479  500  420  479  460  460  460  418  359  258
479  359  479  439  460  500  397  479  420  500
479  479  460  439  418  439  460  338  359  479
460  437  500  500  418  460  380  500  460  460
338  460  420  319  500  458  420  500  439  439
479  460  298  460  338  399  397  399  500  420
479  460  500  399  460  439  479  359  460  399
420  418  479  479  460  357  460  460  479  439
460  380  500  460  460  460  479  439  338  420
460  399  378  359  460  460  420  460  460  399
439  460  420  458  258  500  479  460  418  460
399  340  500  399  500  460  458  460  298  256
420  460  399  380  420  336  420  378  500  479
460  460  500  399  439  420  439  500  420  418
479  439  359  439  500  500  418  359  479  420
399  399  439  380  279  319  500  500  439  479
500  420  239  317  399  458  500  399  420  418
439  420  397  500  378  458  378  439  500  418
418  399  460  458  460  380  500  399  500  479
359  399  479  420  460  439  500  359  399  380
500  500  460  460  460  460  338  460  479  420
399  399  420  479  319  359  460  460  479  380
319  300  500  460  500  479  338  458  460  439
399  500  479  479  420  500  458  420  397  397
460  458  460  439  420  418  420  460  460  460
420  359  460  460  359  500  359  439  420  479
420  399  460  479  500  458  359  500  439  439
399  420  460  460  239  399  378  500  460  500
460  479  460  378  317  420  500  458  359  378
258  420  420  500  460  420  460  399  439  357
500  420  500  340  418  439  378  500  420  460
479  479  460  418  420  319  460  439  479  460
439  359  479  439  359  380  500  500  418  399
500  460  359  439  479  319  439  378  420  399
420  500  500  380  500  439  500  399  500  359
460  439  460  460  479  500  439  460  500  500
460  439  458  418  397  479  439  479  500  500
380  420  359  380  439  479  500  460  500  439
397  479  420  420  460  479  439  420  500  319
420  420  458  437  359  338  458  460  420  460
439  399  500  500  439  437  399  418  420  439
357  500  439  500  340  460  460  500  420  479
479  460  260  439  500  460  460  399  418  439
418  439  359  397  500  399  439  439  258  -104
439  460  399  399  380  319  479  439  458  500
420  359  458  460  420  418  500  439  418  418
500  460  479  378  458  420  338  380  399  418
479  178  420  460  -75  500  500  340  359  460
340  420  420  338  460  479  300  439  399  319
458  439  479  399  399  420  420  380  500  418
500  460  420  420  439  399  340  380  479  420
420  357  460  439  460  359  439  359  380  479
500  479  418  460  399  258  460  420  479  439
460  53  460  420  418  239  340  500  359  439
479  380  439  500  460  500  380  439  460  479
420  479  397  197  500  399  500  460  500  500
420  439  500  500  380  500  378  479  458  439
298  500  378  460  399  460  418  420  500  460
500  460  420  460  439  380  -2  418  500  399
378  399  420  336  479  439  460  359  380  500
500  319  399  439  460  460  439  300  460  460
479  460  479  399  338  460  460  319  460  380
418  178  319  380  439  460  359  479  399  479
380  399  439  479  399  420  239  340  460  439
399  420  439  359  500  418  279  458  279  420
399  378  336  460  460  460  399  380  378  479
500  500  458  420  399  460  460  399  479  500
500  420  479  418  460  298  239  399  439  460
460  500  420  380  479  479  300  340  319  479
380  458  500  479  399  479  378  500  439  500
500  378  420  460  380  420  479  420  296  479
279  380  500  399  157  500  418  500  416  460
458  420  378  340  479  500  500  378  380  458
479  500  439  298  460  500  439  460  458  439
479  380  500  479  460  479  359  460  460  460
500  319  399  258  319  418  399  395  460  479
460  439  439  460  399  -90  340  420  319  397
500  460  439  500  460  418  460  460  399  399
439  420  340  420  355  380  458  420  500  500
418  338  399  418  397  460  420  500  500  460
479  458  420  399  460  500  439  420  420  479
460  359  500  460  479  378  420  500  340  359
416  479  500  460  279  439  380  397  500  479
439  420  500  500  460  479  439  500  378  439
359  399  460  420  378  460  458  418  359  439
378  460  420  479  460  500  439  338  500  500
380  458  500  479  500  500  439  340  458  500
420  460  359  500  380  439  500  380  479  -4
420  6  500  378  500  460  439  420  500  399
439  479  460  418  380  479  380  460  378  340
380  439  437  458  439  500  380  460  319  500
420  500  420  500  500  460  378  439  378  399
479  460  479  420  460  359  397  357  359  439
338  399  420  420  500  460  399  479  418  437
420  460  399  418  458  420  479  418  500  460
380  338  500  420  439  359  420  439  380  380
418  460  399  479  59  439  399  57  439  439
378  338  479  460  500  397  439  437  439  479
479  199  500  460  420  439  479  399  439  500
298  420  380  460  399  439  359  418  460  437
420  460  420  399  420  460  319  359  399  420
357  500  338  420  479  500  460  479  460  340
460  199  479  479  418  380  359  500  458  439
380  439  239  500  418  420  420  420  500  460
418  460  479  458  500  420  479  460  380  378
380  340  258  44  479  420  460  479  479  -5
460  500  500  460  479  420  479  340  380  399
458  479  338  460  397  460  479  460  397  298
460  439  420  359  479  460  439  500  420  378
357  460  460  420  439  500  460  500  420  460
399  479  418  420  460  479  439  500  460  420
460  460  439  479  460  359  458  460  479  479
500  338  439  460  399  380  500  500  300  399
458  500  399  460  479  460  399  380  479  458
439  380  460  500  439  300  397  397  500  460
420  439  479  378  460  420  340  439  319  460
479  338  439  479  420  500  399  479  279  437
500  460  300  418  500  439  500  479  500  418
479  418  420  500  380  500  319  460  500  460
420  380  439  479  359  460  439  458  460  500
500  500  418  460  479  380  437  380  399  399
420  458  439  500  500  380  420  460  420  357
399  479  399  479  500  460  500  479  500  500
399  460  338  420  479  439  460  500  380  479
380  479  460  319  319  458  460  420  460  439
460  380  460  399  460  420  500  378  460  399
420  460  439  460  479  500  479  439  460  500
460  418  378  439  439  338  359  460  420  399
420  460  458  500  458  378  458  500  479  380
359  397  479  378  380  500  420  418  500  479
420  460  460  420  460  500  460  460  399  420
439  378  439  500  420  479  479  420  460  460
500  479  500  479  340  479  319  439  460  277
439  359  420  418  458  399  460  420  479  479
380  479  420  420  500  380  420  258  500  500
439  460  460  420  437  380  439  439  420  420
378  439  420  500  458  357  420  479  460  500
500  399  439  418  500  380  420  380  500  439
500  460  399  460  418  357  399  420  500  338
439  397  298  460  418  338  460  479  500  439
460  418  439  359  380  420  500  298  479  479
458  460  500  418  420  359  378  479  420  479
359  479  380  500  378  460  439  418  460  460
378  500  500  359  460  418  500  399  380  420
399  338  359  418  378  479  359  479  420  397
460  420  418  439  439  418  460  439  460  420
439  439  479  439  418  357  479  420  418  500
500  420  359  420  380  460  420  500  397  317
439  357  357  378  338  460  397  418  380  500
319  399  500  420  458  439  439  399  277  399
420  439  500  319  460  359  437  460  399  399
420  399  420  399  500  460  439  319  479  359
460  458  479  338  359  460  479  298  460  399
458  439  340  500  420  418  500  439  460  420
439  420  439  458  277  500  479  340  418  359
359  399  359  399  418  54  500  500  439  340
500  397  420  500  439  359  338  479  359  399
500  500  319  399  439  418  460  479  479  380
460  399  380  479  399  500  378  460  460  479
338  418  460  420  378  319  460  500  460  439
460  420  458  479  439  500  380  237  439  500
458  338  420  458  460  460  439  319  420  439
458  500  439  420  500  460  500  439  420  338
380  340  460  439  420  500  500  479  439  500
479  399  420  317  399  420  479  418  399  357
420  380  380  -3  460  458  439  460  460  439
418  420  359  479  439  399  460  500  277  460
420  378  479  500  460  500  479  378  479  460
439  460  357  439  376  439  359  500  500  416
500  460  399  500  460  460  500  439  460  458
460  399  479  479  479  399  460  460  237  420
460  460  500  500  418  399  420  500  439  500
460  460  479  500  380  420  460  500  359  399
378  420  500  399  439  460  439  460  460  418
439  500  439  51  479  380  460  439  439  439
218  359  376  439  460  458  437  460  418  397
460  420  479  500  460  460  460  399  -116  420
418  420  479  500  439  -107  458  479  460  479
420  399  439  378  439  359  296  397  397  460
500  298  460  479  500  439  439  258  500  500
397  458  380  380  437  420  458  340  399  359
479  437  439  420  399  418  460  275  500  479
460  479  500  399  479  500  340  338  418  399
420  199  500  420  439  500  460  439  460  439
460  397  439  439  54  500  399  458  460  420
460  439  460  420  500  359  460  458  500  359
378  399  399  420  479  439  420  418  458  500
460  479  460  399  500  439  359  500  460  500
418  420  500  500  460  420  439  500  418  279
460  420  399  380  359  359  439  420  460  439
338  458  500  397  439  378  479  418  279  420
460  359  460  479  418  378  378  500  298  500
380  500  460  399  500  479  399  275  380  399
460  500  439  458  439  479  479  359  439  500
439  500  437  460  399  500  500  439  460  378
460  420  500  439  479  500  460  420  460  340
359  380  460  399  380  500  439  357  439  460
439  458  500  479  359  420  460  460  380  460
439  439  500  359  460  439  479  460  319  500
439  500  397  460  458  439  479  420  418  397
399  359  399  500  378  479  439  500  479  460
418  359  460  479  500  479  500  460  479  500
378  460  338  500  460  500  397  399  460  418
458  420  479  340  279  500  460  418  500  460
460  479  460  479  298  500  357  479  338  380
420  420  359  420  460  460  399  439  359  479
460  420  479  500  420  340  460  500  479  460
460  460  479  439  420  500  479  420  359  479
500  420  479  439  460  399  399  500  500  420
500  460  479  460  378  380  418  479  460  420
460  500  399  460  460  420  399  460  239  460
439  479  319  317  439  439  500  500  500  460
399  460  439  500  439  439  380  458  300  420
420  458  479  399  418  376  500  418  479  479
399  239  500  380  460  500  378  420  460  479
439  420  439  399  437  460  479  340  460  397
359  359  378  416  460  359  479  500  500  500
439  418  500  378  420  479  420  380  439  500
399  279  479  460  439  399  380  340  420  500
500  399  338  420  439  300  500  479  319  378
500  479  460  479  420  399  479  439  298  479
439  500  460  439  399  439  260  439  380  380
458  458  460  479  458  460  460  500  439  399
460  420  420  460  220  458  460  378  437  500
359  460  319  439  439  479  460  460  500  380
439  479  479  380  380  439  -61  500  460  479
340  500  439  340  279  416  359  420  460  460
439  298  439  418  418  359  500  378  460  439
460  260  500  479  460  418  237  420  439  418
460  376  399  500  500  399  460  460  397  357
500  399  418  479  460  359  418  460  500  420
416  399  460  380  378  458  460  460  420  378
460  418  420  437  378  500  439  460  479  479
460  380  458  420  380  460  378  418  479  418
439  460  439  296  420  418  460  399  479  460
460  460  500  460  439  439  479  460  460  359
338  399  300  397  500  420  359  439  500  319
380  500  397  218  458  57  460  176  319  296
460  336  460  380  500  420  380  439  500  460
439  378  460  460  460  399  437  500  460  460
340  59  479  420  59  500  500  458  399  418
460  460  458  357  460  479  359  397  500  399
439  439  418  460  458  399  357  479  357  439
500  500  218  479  500  460  420  399  439  378
439  500  460  460  460  380  460  439  439  439
420  460  479  378  357  479  338  500  479  340
458  418  500  439  439  500  500  439  500  378
500  479  500  399  420  378  380  399  340  416
500  460  359  500  437  460  460  500  439  460
479  500  439  399  359  500  460  460  500  418
420  479  500  338  418  359  359  479  460  500
458  460  479  460  256  479  298  380  378  500
439  479  439  340  420  378  500  437  500  338
380  319  439  500  420  218  380  460  340  479
380  500  460  319  359  437  479  378  397  420
359  460  460  500  380  439  500  397  380  439
378  340  378  300  439  439  500  500  500  460
458  439  359  460  298  338  500  439  378  500
418  416  399  437  399  439  439  439  380  340
500  359  500  458  399  300  500  359  439  479
399  479  460  479  418  380  359  439  479  500
380  380  418  420  397  420  378  359  397  500
399  420  460  439  420  460  460  500  439  399
479  479  460  359  380  500  460  500  359  378
460  460  399  399  439  460  338  420  500  479
338  399  378  359  359  500  340  357  460  378
458  500  378  399  439  420  500  420  479  500
317  336  500  296  458  479  380  500  458  418
399  460  439  479  439  460  380  420  359  338
500  380  500  420  500  460  500  479  420  439
399  460  359  420  500  399  399  479  437  420
378  378  479  439  500  439  399  378  460  439
418  439  399  378  399  420  380  439  458  479
479  399  439  340  479  439  399  420  479  420
500  460  416  500  399  378  500  399  399  439
460  420  458  479  277  500  418  460  439  500
418  338  500  399  418  460  460  460  439  420
479  460  420  500  220  359  500  500  418  378
378  420  418  340  479  479  439  359  460  479
460  460  458  420  319  359  380  460  500  500
500  380  439  378  479  460  500  500  460  359
399  418  500  500  460  418  439  460  479  479
460  340  439  399  439  460  420  359  380  460
458  399  439  378  420  439  458  460  500  460
418  500  500  399  479  439  239  418  500  420
460  399  437  500  439  418  460  420  380  359
460  500  479  420  479  439  439  378  500  399
420  420  416  460  420  479  458  439  460  500
460  380  399  460  418  500  420  439  319  458
298  359  420  359  397  399  338  380  418  500
460  296  420  500  399  420  420  500  460  460
399  420  458  397  460  420  378  479  420  500
397  359  399  460  420  439  378  378  500  437
479  460  479  359  479  460  439  460  439  399
359  439  420  338  439  479  378  479  439  479
500  460  479  340  460  460  239  298  479  420
460  418  479  479  399  460  420  439  420  500
420  500  420  357  460  500  439  479  439  460
418  439  420  500  340  479  340  380  479  319
420  458  500  439  479  319  500  460  479  439
380  460  500  460  439  317  399  460  439  298
296  399  399  397  317  500  500  258  359  420
439  500  418  380  298  420  458  479  340  397
479  500  460  500  399  439  500  458  460  460
439  500  338  439  418  500  500  500  458  340
380  420  500  420  479  338  380  460  500  460
439  500  420  439  500  479  418  357  500  500
458  399  418  279  439  458  397  378  420  298
479  500  479  420  439  460  399  399  418  380
439  378  420  418  500  420  500  460  458  298
458  479  479  458  460  399  399  397  460  399
500  397  460  397  378  460  460  439  300  378
500  458  397  420  479  399  500  380  420  460
439  439  500  380  439  420  399  439  418  420
340  479  359  439  439  439  420  460  439  439
500  500  458  439  439  380  418  460  458  479
500  439  378  439  460  420  439  479  500  460
420  479  439  420  380  418  479  460  479  460
479  300  399  500  500  479  399  338  420  500
460  258  418  479  439  420  460  439  460  418
500  380  479  380  460  420  399  399  357  300
439  340  420  399  500  359  460  460  279  319
500  420  460  500  298  500  479  460  418  420
420  479  500  500  439  340  378  460  420  298
460  500  460  359  460  439  500  460  397  479
500  399  439  420  500  439  340  439  380  439
420  439  298  479  420  378  458  500  420  260
380  399  359  338  418  479  359  439  439  460
500  418  500  439  460  420  500  439  458  420
460  500  420  378  500  439  500  460  460  418
399  439  399  460  439  458  500  420  460  460
439  460  380  420  399  399  479  460  460  460
460  300  500  418  380  479  437  460  359  439
439  420  500  460  500  460  439  437  460  319
378  479  338  340  500  380  439  399  479  418
399  500  500  420  479  460  460  418  460  397
376  500  460  500  439  399  418  319  338  460
420  500  439  500  340  458  439  418  479  439
500  500  458  359  479  500  260  378  460  420
319  460  458  399  500  460  378  500  378  460
500  399  458  418  460  460  479  460  460  439
460  359  460  359  500  500  357  399  380  420
439  460  439  479  420  500  460  479  418  439
460  500  500  479  460  439  460  460  500  500
399  460  500  420  420  479  500  420  439  479
460  439  479  458  340  399  359  420  439  479
460  420  399  439  439  420  420  500  319  479
420  500  439  500  399  460  460  439  418  500
319  439  500  420  397  460  500  420  479  359
277  500  420  439  357  500  197  378  420  418
420  359  439  420  380  460  460  420  500  359
298  439  500  458  399  460  439  479  460  500
439  500  197  439  439  420  420  439  418  380
500  500  500  500  378  500  418  500  380  460
418  399  399  279  439  418  397  460  479  458
479  380  420  500  500  380  420  439  500  399
399  420  500  460  458  418  460  399  439  460
479  500  439  439  479  399  458  420  479  500
418  460  460  420  399  420  399  500  458  479
380  359  439  399  460  439  460  420  420  439
359  380  500  500  437  460  380  378  420  399
460  420  439  500  319  418  380  500  460  439
397  359  380  340  420  458  500  399  439  500
357  479  460  378  319  500  359  479  380  359
460  479  420  460  399  500  399  460  376  500
418  460  460  338  420  458  298  458  439  500
439  479  500  319  479  380  399  500  359  359
420  359  460  439  439  399  460  399  420  380
420  439  418  340  479  319  359  479  380  458
378  439  420  439  500  418  399  460  460  500
460  399  460  380  439  500  437  359  460  420
