-57  -83  -96  -95  -74  42  -76  -68  -8  -85
-93  -6  -77  -95  -102  -93  19  -14  -69  -86
-90  -90  -95  -5  -98  -90  -91  -6  36  -83
-72  -74  -67  27  8  23  25  -54  -61  -31
-23  -68  -50  -8  -33  -19  -76  -74  -72  48
-65  -65  -62  -44  -29  -90  -87  -37  -71  -69
-18  -79  -72  -79  -30  -100  -103  -73  -47  -82
-46  -36  -28  -36  50  17  -71  55  56  45
-17  -21  -19  -60  -48  -52  -48  -33  -59  34
-8  -91  -91  -44  -18  -80  -22  -53  45  -70
-58  -49  -59  -5  51  49  39  37  -7  -27
-71  -69  -79  45  38  52  43  -23  -10  51
30  -17  24  28  57  54  -10  50  43  56
48  33  55  155  -9  -7  59  12  51  -56
55  44  -8  56  -54  54  57  75  -42  55
-6  -56  11  55  52  98  30  -28  -15  -12
55  218  57  54  60  32  55  136  56  51
47  59  199  39  75  56  -98  -49  54  57
75  55  195  195  48  54  41  157  96  56
55  56  -11  -14  17  48  55  100  57  58
-80  53  57  49  57  53  54  239  -13  52
119  51  54  59  55  98  58  54  218  57
50  58  57  57  54  47  56  55  51  119
138  57  28  56  180  55  58  59  47  79
58  57  157  -15  50  45  59  55  55  54
52  52  56  57  117  47  53  59  56  58
52  220  -74  -85  49  28  56  58  60  -80
77  55  58  57  117  -42  53  57  79  59
58  55  -22  58  56  48  -26  59  220  79
260  53  239  53  77  54  98  56  -14  98
-8  58  55  57  53  52  58  56  59  119
55  55  58  57  178  57  53  57  98  260
42  -12  159  58  79  340  378  117  59  57
60  256  359  319  359  98  45  58  258  420
195  319  119  275  -69  -2  55  338  57  359
260  117  55  258  174  4  48  51  258  56
55  399  319  317  178  46  239  214  -18  54
54  117  174  279  197  48  359  237  47  359
319  -26  279  258  56  56  340  57  199  298
357  300  239  258  59  279  57  300  199  399
300  420  340  159  319  420  420  420  420  300
340  319  340  420  380  380  420  317  420  380
399  298  220  380  298  340  399  380  56  300
380  -4  380  -7  300  140  57  420  380  380
420  279  199  420  420  195  319  380  340  399
357  279  56  359  380  359  340  -9  380  359
420  340  340  58  218  380  277  79  319  420
317  258  380  359  420  357  180  300  59  359
378  380  98  300  300  420  220  399  277  380
319  399  399  399  359  220  359  359  260  378
-72  319  178  420  380  420  237  159  380  420
378  380  239  378  359  420  56  380  298  239
220  319  399  359  399  319  260  319  317  380
420  359  359  380  399  340  359  420  260  279
340  420  378  359  220  420  340  100  319  420
420  399  180  260  359  319  159  380  279  420
319  180  180  420  359  260  359  260  300  100
-66  340  420  340  359  420  277  399  359  317
260  359  60  420  -26  420  -38  359  420  56
359  380  319  378  340  -6  239  12  420  300
319  260  359  319  420  298  420  298  279  319
380  420  220  380  279  380  380  359  380  319
420  359  380  359  340  159  159  138  279  380
359  420  359  -72  380  380  380  380  380  60
359  399  359  319  218  359  380  380  399  39
399  -101  -23  300  319  380  300  -53  399  -84
317  380  -89  338  420  239  220  48  220  378
279  340  359  380  380  298  380  380  380  380
359  218  359  218  359  300  -5  420  380  57
380  258  220  319  420  359  399  336  319  79
300  -57  317  420  359  317  399  56  60  420
378  399  380  380  298  359  340  136  399  260
359  380  300  298  380  340  399  59  319  380
399  260  319  300  380  420  399  279  60  380
420  57  420  319  359  340  279  317  -108  399
359  359  260  359  359  -96  319  319  359  319
420  -2  300  380  59  119  319  56  340  357
420  239  338  319  338  319  47  380  237  340
159  399  380  58  239  420  380  0  420  -86
-2  399  279  220  60  399  380  -2  420  340
420  359  340  340  359  359  298  319  300  29
277  38  340  300  399  340  279  420  199  319
380  399  300  380  239  260  260  380  399  340
317  338  399  319  380  -2  399  399  340  380
340  420  -31  420  319  340  -2  -6  298  319
340  260  279  338  359  -94  359  140  319  380
3  380  296  5  260  300  260  380  -2  399
300  340  359  399  340  380  338  399  -28  380
258  277  340  -4  8  359  378  359  319  399
338  378  59  378  -5  340  298  380  199  399
319  -4  399  378  340  319  359  420  359  378
359  340  338  420  317  380  -104  380  399  319
359  359  300  60  -7  57  317  380  -3  420
380  399  359  -44  399  420  60  -2  -3  57
59  59  380  57  -3  57  58  59  159  140
-1  60  -4  59  60  55  60  56  -4  57
-5  -4  -2  -8  54  -3  58  420  -2  -100
319  359  357  380  279  420  300  420  380  359
359  380  199  420  359  420  258  380  -2  319
340  -4  298  319  378  199  279  380  258  378
178  380  420  -98  338  279  300  420  380  340
300  -7  359  420  300  -102  239  59  399  58
340  359  359  260  -64  359  359  359  60  399
340  298  359  359  380  420  279  235  136  359
258  399  380  340  298  380  -2  199  359  420
380  420  420  319  380  319  380  340  340  340
380  258  58  319  399  357  359  420  378  357
340  359  359  298  380  300  180  420  56  420
140  279  420  336  58  319  340  59  55  119
58  55  59  -6  57  59  56  58  57  -3
159  55  260  399  420  380  399  -96  399  -84
378  300  79  380  420  319  338  340  239  298
380  338  180  319  420  279  380  380  380  319
378  340  380  420  279  380  420  399  -58  55
59  58  58  260  57  59  279  380  340  420
279  60  60  58  340  420  338  -3  60  300
237  380  380  300  380  340  220  380  340  300
319  -3  -2  399  60  -5  -4  -5  -6  -5
-1  -5  -3  -2  -4  -6  -4  59  58  239
380  399  340  420  159  340  380  340  279  218
399  338  36  340  378  359  380  59  399  279
220  359  319  340  399  27  279  237  42  298
338  317  298  420  338  -98  40  359  340  359
399  340  380  258  380  399  399  399  279  338
380  420  279  340  260  340  399  399  300  380
218  218  159  399  380  359  399  359  338  319
340  319  340  420  319  340  359  199  399  378
399  380  380  319  319  359  380  340  380  399
359  357  298  300  300  340  359  380  319  359
380  7  300  380  380  380  14  399  300  420
-96  17  380  378  420  399  359  420  380  380
380  420  300  380  380  399  300  340  340  420
420  298  338  57  -2  -5  -4  -4  56  -8
58  -4  300  -5  380  420  380  340  420  399
420  420  380  239  359  298  380  176  319  338
57  420  420  -2  359  340  159  420  300  420
59  220  359  359  359  220  359  340  279  199
399  359  338  380  279  420  380  59  319  300
60  300  300  77  140  60  -2  -5  -4  -4
-5  -4  -4  -8  -8  -5  -3  -5  -4  -38
-72  420  -98  19  8  2  -92  340  420  399
420  300  380  380  58  380  380  380  359  399
420  340  258  336  399  -4  399  380  300  380
-4  420  338  -98  359  399  380  340  319  58
319  199  260  399  380  380  420  399  298  420
340  399  380  420  319  -15  340  399  420  -20
420  159  -99  420  220  380  -4  0  58  -1
-2  180  56  -3  59  -4  -2  -5  -5  -7
-2  -6  -4  59  -5  -7  57  53  -4  -5
79  340  319  399  300  -66  220  420  357  298
359  420  380  359  298  380  399  380  -96  26
-100  319  359  220  359  380  380  338  319  380
258  340  340  279  199  399  420  399  319  380
359  -96  59  -1  57  59  59  58  -3  59
420  319  336  199  300  58  399  399  300  117
399  317  420  340  239  38  380  277  359  420
300  41  359  218  380  380  420  420  300  159
258  300  359  378  420  -4  -7  -6  -2  -5
-4  -6  -5  300  380  279  340  340  420  420
340  380  300  2  260  197  300  340  4  300
340  380  420  420  380  420  340  378  420  199
317  300  45  300  279  380  319  279  319  258
298  239  359  300  218  420  359  319  193  420
340  399  420  380  378  359  380  60  420  -4
-3  -5  -4  -2  -2  -2  -7  59  58  59
-4  59  -6  380  -28  380  380  277  340  380
239  380  300  279  399  -2  43  399  -88  380
338  380  340  319  -54  338  59  54  60  119
58  57  -7  55  -2  -4  -5  -9  -4  -2
-4  -3  -6  -1  -3  -6  -6  380  -6  -5
-7  -3  -2  -3  -5  -4  -2  -2  59  -2
-4  -3  -3  -2  -4  -5  -4  -4  -3  -4
-2  -4  -2  -3  0  -2  -7  -3  -4  -8
-3  -5  -4  -4  -3  59  58  56  -1  0
58  60  -1  100  117  59  58  60  59  220
-3  56  59  -77  140  -66  -3  5  -1  -6
-6  44  2  60  -8  -48  -6  58  -4  58
57  59  58  199  -4  57  58  -5  60  -5
-3  60  60  180  40  -4  59  60  59  48
-3  59  60  58  -5  56  59  220  56  59
-2  59  -5  57  -4  58  -8  57  59  -3
-4  -4  56  -2  -2  59  -3  38  -3  0
49  55  -56  220  -2  60  -4  60  -3  -3
59  58  98  59  57  57  58  60  44  60
59  55  58  58  59  57  -3  60  59  57
-6  59  140  59  59  59  59  59  59  57
59  57  57  138  -5  -5  56  59  -2  60
-6  -10  59  57  60  -4  59  57  -4  -3
25  -1  29  -64  -84  41  -84  22  41  92
-4  -21  155  -87  199  338  25  260  -18  46
-110  -3  73  15  27  31  23  3  47  -89
52  58  220  37  19  -16  53  77  199  44
92  -1  5  43  28  25  5  -92  0  57
58  -2  -3  27  -3  -3  -7  -4  -6  -4
-5  51  279  -88  50  319  -10  50  33  117
49  -20  -94  -104  51  54  24  -77  52  -80
24  48  51  319  38  178  75  44  -100  57
57  -3  58  57  57  57  59  -4  79  58
59  59  58  59  279  55  56  239  59  58
59  59  60  58  -5  140  60  60  17  -8
55  58  -3  -2  -4  -6  -3  56  59  -3
57  -5  59  57  -3  -54  57  -4  56  31
4  0  31  -13  14  38  155  42  199  37
5  34  45  9  -84  48  193  -79  42  -110
39  -10  -19  18  -5  -3  -5  59  58  58
56  -5  100  58  59  59  220  260  -7  59
220  59  140  59  59  51  -9  380  59  57
59  380  399  380  56  380  319  46  260  340
380  258  359  140  359  30  92  22  199  20
43  39  14  47  41  -11  36  44  44  -4
-81  -8  300  6  -84  260  31  -5  44  26
113  48  88  8  -1  -8  57  -3  -4  60
54  59  -4  58  58  -6  52  59  119  180
258  256  319  38  319  359  279  359  359  338
199  260  420  399  277  340  359  260  338  260
300  277  340  380  300  159  399  51  57  59
-2  -4  -2  -3  -2  -2  60  56  -3  58
359  319  380  199  319  380  239  260  260  359
317  300  34  59  220  98  380  319  340  420
138  319  359  300  195  340  98  336  380  420
380  338  399  298  420  277  359  319  399  420
300  300  300  359  420  420  159  178  60  197
399  378  399  300  399  220  178  180  380  420
260  359  378  338  338  357  359  58  359  237
140  199  420  399  380  340  359  298  300  279
420  380  420  399  420  380  399  117  300  359
319  237  59  338  359  420  380  420  359  359
279  359  420  380  239  420  319  380  -7  340
199  359  359  220  57  300  359  420  380  317
380  359  220  279  50  380  239  359  420  239
420  319  199  319  -46  -3  53  59  59  -3
-2  -2  54  -4  58  -6  59  56  58  60
319  -1  0  59  58  0  58  58  57  58
-8  58  159  57  100  57  55  59  58  60
58  27  197  33  -92  -100  -102  -106  30  30
36  -11  -102  37  47  14  73  277  50  35
29  43  359  45  254  239  24  35  29  338
49  24  30  50  41  195  47  256  -5  57
-3  49  32  -2  -2  -2  -1  -1  -4  -23
-7  -2  -4  -1  -12  57  -8  42  -46  49
359  24  41  17  43  -23  17  37  50  52
14  43  56  56  27  44  239  14  26  340
-9  -91  17  55  50  233  113  50  47  39
46  180  48  71  176  37  24  23  51  2
55  54  48  50  50  35  30  33  49  7
46  212  37  26  47  31  32  31  38  37
36  52  44  77  42  10  -4  53  58  -7
55  59  380  29  60  -1  57  53  77  53
57  319  42  359  338  340  340  317  359  59
296  340  340  338  260  359  298  340  378  359
359  378  359  399  300  380  340  53  -14  56
59  58  60  239  79  59  -6  15  60  77
60  45  59  420  239  30  380  380  300  -9
-4  -4  -15  -4  -4  -3  -3  -3  -5  58
-5  -6  57  -8  -3  57  0  -3  -3  -3
-2  57  -20  28  54  338  42  136  26  -88
43  279  42  29  -21  172  55  399  -5  55
-85  399  338  340  378  260  340  27  359  399
399  19  340  399  340  380  359  216  -5  319
420  399  338  279  17  26  399  380  380  380
300  317  340  378  119  218  420  380  220  420
420  153  319  380  56  58  357  359  380  298
359  420  380  58  420  319  420  298  260  239
380  59  420  359  218  380  359  399  420  378
359  340  420  220  57  260  359  340  41  138
380  159  340  199  380  378  380  59  319  420
319  -73  340  399  260  399  260  298  218  380
378  119  300  399  399  420  380  399  399  220
319  340  340  277  420  340  420  420  319  59
239  380  359  100  157  380  380  -3  298  30
338  399  338  41  -3  258  420  399  60  378
420  420  399  380  357  340  420  340  420  277
57  420  399  300  300  338  359  359  380  180
319  298  380  340  220  340  380  378  399  340
140  138  380  -94  239  359  319  319  380  59
69  380  159  340  279  -109  399  260  380  237
420  319  28  378  60  420  319  300  199  300
380  199  420  380  420  300  359  420  340  180
-4  -32  58  140  59  59  54  59  58  55
-4  59  157  199  60  58  60  -6  79  -3
60  59  59  59  -9  59  -3  -3  -4  59
-5  60  60  56  220  220  31  57  58  58
58  60  60  57  56  60  -4  -5  60  79
59  -5  279  -4  140  59  79  59  119  340
-2  319  55  55  56  -3  0  -4  -2  -1
-1  60  199  60  60  29  36  37  41  25
49  43  47  130  88  24  254  42  52  1
277  56  6  296  45  29  55  -4  -100  34
47  41  98  -58  254  40  151  38  178  191
55  296  39  23  46  107  191  216  37  7
24  45  275  92  46  42  111  258  55  277
45  42  37  359  172  20  298  23  155  36
237  317  254  31  279  195  24  298  51  12
57  -72  54  43  41  39  40  -33  51  57
56  96  -24  21  29  41  43  17  -92  40
42  -7  43  277  43  -17  56  -68  56  -3
-2  -3  -4  -3  -2  -3  -2  -4  -3  -2
-6  -1  -7  -4  -5  -2  -13  113  23  54
338  38  359  88  45  340  29  -9  43  56
33  20  155  14  193  22  90  30  25  130
12  340  258  53  16  130  -6  359  1  40
134  29  34  -42  340  41  14  380  254  380
19  46  15  235  199  17  170  15  44  -23
340  35  41  41  67  38  98  44  24  -9
380  256  -11  -53  113  73  172  199  151  172
52  237  38  340  29  130  28  277  39  380
317  128  28  32  254  45  -94  -4  296  15
176  128  -9  113  277  218  -3  -8  -7  -5
-3  59  -5  54  0  -4  -7  -4  0  -1
-2  -2  -3  -4  -9  -2  -3  -18  -112  44
-27  -1  40  37  -1  47  199  55  239  23
338  -2  44  35  237  9  44  151  41  178
153  41  338  420  47  420  44  46  -14  41
88  41  48  319  39  193  -54  50  -88  151
44  43  47  338  69  24  296  319  67  359
14  298  359  420  338  149  -15  49  256  174
19  36  359  239  300  38  319  32  -7  2
235  41  31  298  218  9  254  20  36  258
60  340  420  378  380  380  420  340  399  277
58  57  14  44  57  31  58  -6  359  58
-4  -4  220  58  60  340  119  340  338  399
359  317  380  157  237  279  420  -60  380  340
359  380  298  380  279  399  399  40  420  340
399  359  -34  258  359  340  359  399  300  338
380  28  380  56  90  340  237  235  340  338
180  319  399  359  239  359  300  -44  399  340
319  300  319  260  338  380  380  420  180  420
319  380  380  57  58  -9  -4  -2  58  420
359  380  58  338  60  399  7  157  420  180
359  340  317  338  319  260  399  298  420  380
359  298  199  380  380  -6  378  180  138  319
338  380  359  35  340  100  319  319  -108  340
420  300  340  319  340  319  319  380  340  30
98  59  279  45  170  279  378  220  239  298
49  -41  338  235  37  26  218  88  25  -85
151  40  48  50  44  39  90  41  319  41
359  319  380  130  25  69  2  7  197  48
46  39  256  10  88  47  317  340  298  107
57  58  -5  380  180  58  57  58  51  359
37  36  43  92  18  20  -108  34  42  7
-12  -23  -34  0  -5  -4  -40  -4  -26  -55
22  42  25  42  36  214  15  298  47  36
10  25  43  214  174  34  178  317  47  157
300  54  107  27  279  399  420  218  220  420
300  319  420  420  380  157  340  359  420  29
300  420  235  420  399  380  359  300  399  279
298  378  378  340  239  39  420  420  258  -4
-3  -3  -1  -1  -3  -2  -1  -6  -3  -2
0  -2  -5  119  58  218  55  59  -3  54
45  60  159  279  359  380  340  279  420  359
300  79  319  357  277  199  359  380  220  380
258  359  420  420  300  319  420  380  300  380
359  258  319  359  380  420  239  420  300  239
399  218  -26  340  317  359  256  340  380  57
300  218  319  340  138  399  340  338  338  239
359  260  399  239  317  340  359  277  420  399
420  59  380  420  58  237  359  260  338  359
319  59  359  380  378  359  359  340  298  420
21  399  399  319  279  380  298  420  378  380
359  359  399  57  319  260  340  340  279  296
260  340  359  300  399  260  57  239  58  58
-24  56  60  -51  -3  56  57  59  55  58
298  57  300  59  60  58  60  58  -3  56
59  60  0  60  -3  58  59  -1  218  -3
-7  58  -6  -3  -2  -1  -2  237  58  -2
-16  338  317  54  130  30  40  22  38  212
7  15  300  34  24  17  319  -18  48  -4
-8  53  -2  54  -51  -5  50  34  46  48
17  46  19  39  41  -8  -7  -24  -47  258
44  44  340  -21  174  -7  -5  60  -4  59
71  254  193  132  46  155  279  36  39  237
-17  -110  32  25  -11  50  212  88  23  319
-4  46  46  233  172  36  27  -88  -3  -3
