0.04599881172180176
0.1490333080291748
0.23003268241882324
0.3190770149230957
0.3576056957244873
0.44170427322387695
0.5247173309326172
0.5597226619720459
0.6537387371063232
0.756763219833374
0.8487837314605713
0.9017825126647949
0.987804651260376
1.0704898834228516
1.1844902038574219
1.6825478076934814
1.9232964515686035
2.533893346786499
3.210009813308716
3.7671220302581787
4.658058404922485
5.85187292098999
6.878933906555176
7.601105451583862
8.312247514724731
9.07039761543274
9.911648273468018
10.993384599685669
12.032140016555786
12.728015184402466
13.634138345718384
14.402333736419678
15.040916919708252
15.726617813110352
16.694574117660522
17.427303791046143
18.12744379043579
18.975502490997314
20.170762538909912
20.959458827972412
22.235629320144653
22.779197931289673
23.441869497299194
23.974533319473267
24.600844144821167
25.130844593048096
25.711408615112305
26.25699496269226
27.247283220291138
28.17689275741577
28.789846897125244
29.625187873840332
30.122824668884277
30.605107307434082
31.14190149307251
31.741151571273804
32.320756912231445
33.07833194732666
33.51314616203308
33.92646932601929
34.531065940856934
35.01831102371216
35.53217434883118
36.005865812301636
36.4477117061615
37.275460958480835
37.80004572868347
38.538861989974976
39.11440110206604
39.623018741607666
39.95563745498657
40.45416617393494
41.14720106124878
41.67106509208679
42.469741344451904
43.01237392425537
44.051559925079346
44.88142251968384
45.96069049835205
46.494269132614136
47.081425189971924
47.982611656188965
48.483917236328125
49.86085295677185
51.61236929893494
52.45068168640137
53.12144684791565
53.87814402580261
55.04231262207031
55.474817514419556
56.68435978889465
57.59149980545044
58.38165330886841
60.23027777671814
62.07661437988281
63.32685875892639
64.0704493522644
65.52211380004883
66.42889142036438
68.10539126396179
68.10539126396179
70.24155902862549
71.37106084823608
72.75901293754578
74.45520997047424
77.1123480796814
77.81278157234192
78.71007299423218
79.78539991378784
83.88434410095215
85.0441381931305
86.11017680168152
86.8568754196167
89.49523138999939
91.36821246147156
96.84533524513245
98.3393759727478
99.86814713478088
102.28859281539917
104.22933077812195
105.26697969436646
110.44876217842102
116.6933183670044
118.08044099807739
118.22344136238098
119.11693549156189
119.26041603088379
119.59580612182617
120.16496920585632
121.91080594062805
131.79023957252502
133.1984360218048
133.33143591880798
133.8099822998047
135.44970846176147
136.72074365615845
144.06476473808289
144.27932453155518
152.62310576438904
154.65612363815308
155.00270318984985
156.34006357192993
157.26677179336548
157.40176558494568
157.61335396766663
163.62685132026672
166.45261693000793
166.6171681880951
170.33165335655212
173.12953424453735
174.89833879470825
175.23346209526062
175.68901658058167
178.4843680858612
179.22475337982178
181.50090861320496
192.03005027770996
198.00994682312012
200.84409737586975
210.99271178245544
211.04871678352356
214.75847959518433
217.6233470439911
218.73830676078796
223.84060502052307
226.06865644454956
227.76793479919434
244.20827984809875
257.4822554588318
268.89378690719604
274.6599621772766
284.5977957248688
290.27344822883606
293.5064265727997
301.6675634384155
312.1495234966278
315.4460287094116
322.0224130153656
330.6480133533478
340.00895071029663
349.2040069103241
357.4139747619629
359.37639021873474
365.26237392425537
375.4502069950104
385.7467906475067
391.31333017349243
396.7527370452881
405.7051913738251
407.8335337638855
417.7179777622223
427.4006440639496
435.6982843875885
447.9682261943817
454.3734505176544
460.1990156173706
463.33803701400757
475.8077037334442
480.17336440086365
490.5216648578644
