102
201
298
406
493
586
670
754
850
955
1046
1146
1242
1331
1433
1808
2145
2914
3773
4492
5670
6873
8172
9069
9896
10790
11815
12840
14076
14910
16027
17011
17786
18657
19562
20471
21273
22332
23464
24416
25657
26364
27152
27820
28606
29295
29986
30717
31960
32810
33590
34677
35279
35878
36590
37351
38063
38705
39267
39800
40572
41183
41849
42415
42982
44002
44657
45309
45994
46621
47071
47713
48564
49258
50222
50931
51931
52967
54299
55025
55741
56875
57495
58905
61119
62186
63021
63963
65110
65661
67190
68323
69277
71277
73397
74905
75805
77309
78376
80412
80412
82930
84013
85638
87646
90459
91313
92393
93658
98092
99495
100771
101755
104636
106918
113149
114859
116404
119213
121518
122430
128123
135314
136859
137037
138015
138205
138580
139225
140941
151795
153395
153550
153746
155641
157166
165461
165693
174734
177136
177521
179087
179896
180057
180281
186771
189985
190194
194365
197567
199217
199593
200112
203373
204174
206589
217787
224510
227759
238599
238697
242874
245779
247099
252505
255024
256571
274303
288059
300526
306677
317177
323252
326586
335351
346296
350002
356981
365735
375871
385403
394167
396391
402672
413311
424049
429942
435702
445483
447915
458220
468279
477178
490109
496809
502833
505970
518954
523966
534655
534655
547105
555685
564201
573024
585638
594361
603616
608980
616244
627246
634490
