-5.0
-5.0
-5.0
-5.0
-5.0
-5.0
-5.0
-5.0
-5.0
-5.0
-5.0
-5.0
-5.0
-5.0
-5.0
-5.0
-5.0
-5.0
-5.0
-5.0
-5.0
-5.0
-5.0
-5.0
-5.0
-5.0
-5.0
-5.0
-5.0
-5.0
-5.0
-5.0
-5.0
-5.0
-5.0
-5.0
-5.0
-5.0
-5.0
-5.0
-5.0
-5.0
-5.0
-5.0
-5.0
-5.0
-5.0
-5.0
-5.0
-5.0
-5.0
-5.0
-5.0
-5.0
-5.0
-5.0
-5.0
-5.0
-5.0
-5.0
-5.0
-5.0
-5.0
-5.0
-5.0
-5.0
-5.0
-5.0
-5.0
-5.0
-5.0
-5.0
-5.0
-5.0
-5.0
-5.0
-5.0
-5.0
-5.0
-5.0
-5.0
-5.0
-5.0
-5.0
-5.0
-5.0
-5.0
-5.0
-5.0
-5.0
-5.0
-5.0
-5.0
-5.0
-5.0
-5.0
-5.0
-5.0
-5.0
-5.0
-5.0
-5.0
-5.0
-5.0
-5.0
-5.0
-5.0
-5.0
-5.0
-5.0
-5.0
-5.0
-5.0
-5.0
-5.0
-5.0
-5.0
-5.0
-5.0
-5.0
-5.0
-5.0
-5.0
-5.0
-5.0
-5.0
-5.0
-5.0
-5.0
-5.0
-5.0
-5.0
-5.0
-5.0
-5.0
-5.0
-5.0
-5.0
-5.0
-5.0
-5.0
-5.0
-5.0
-5.0
-5.0
-5.0
-5.0
-5.0
-5.0
-5.0
-5.0
-5.0
-5.0
-5.0
-5.0
-5.0
-5.0
-5.0
-5.0
-5.0
-5.0
-5.0
-5.0
-5.0
-5.0
-5.0
-5.0
-5.0
-5.0
-5.0
-5.0
-5.0
-5.0
-5.0
-5.0
-5.0
-5.0
-5.0
-5.0
-5.0
-5.0
-5.0
-5.0
-5.0
-5.0
-5.0
-5.0
-5.0
-5.0
-5.0
-5.0
-5.0
-5.0
-5.0
-5.0
-5.0
-5.0
-5.0
-5.0
-5.0
-5.0
-5.0
-5.0
-5.0
-5.0
-5.0
-5.0
-5.0
-5.0
-5.0
-5.0
-5.0
-5.0
-5.0
-5.0
-5.0
-5.0
-5.0
-5.0
-5.0
-5.0
-5.0
-5.0
-5.0
-5.0
-5.0
-5.0
-5.0
-5.0
-5.0
-5.0
-5.0
-5.0
-5.0
-5.0
-5.0
-5.0
-3.76
-2.4539999999999997
-2.7085999999999997
-2.93774
-2.5239659999999997
1.3084306000000003
0.6775875400000004
0.10982878600000046
-0.40115409259999957
-0.8610386833399997
-1.2749348150059996
-1.6474413335053997
-1.9826972001548597
-2.2844274801393736
-2.5559847321254363
-2.800386258912893
-3.0203476330216037
-3.218312869719443
-3.396481582747499
-3.556833424472749
-3.701150082025474
-3.831035073822927
-3.947931566440634
-4.053138409796571
-4.1478245688169135
-4.233042111935222
-4.3097379007417
-4.378764110667531
-4.440887699600777
-4.4967989296407
-4.54711903667663
-4.592407133008967
-4.63316641970807
-4.669849777737263
-4.702864799963537
-4.732578319967184
-4.119320487970466
-3.567388439173419
-3.7106495952560774
-3.83958463573047
-3.955626172157423
-4.0600635549416815
-4.1540571994475135
-4.238651479502762
-4.314786331552486
-4.383307698397237
-4.444976928557514
-4.5004792357017624
-4.550431312131586
-4.595388180918428
-4.635849362826585
-4.672264426543927
-4.705037983889534
-4.734534185500581
-4.761080766950523
-4.784972690255471
-4.8064754212299245
-4.8258278791069324
-4.8432450911962395
-4.858920582076616
-4.873028523868954
-4.885725671482059
-4.897153104333853
-4.897153104333853
-4.907437793900468
-4.916694014510421
-4.925024613059379
-4.932522151753441
-4.939269936578097
-4.945342942920288
-4.950808648628259
-4.955727783765433
-4.9601550053888905
-4.964139504850001
-4.967725554365002
-4.970952998928501
-4.973857699035651
-4.976471929132086
-4.978824736218877
-4.98094226259699
-4.982848036337291
-4.984563232703562
-4.986106909433206
-4.367496218489885
-4.430746596640896
-4.487671936976806
-0.7289047432791254
3.4939857310487876
2.644587157943909
6.510128442149519
5.359115597934567
4.32320403814111
3.3908836343269995
2.5517952708942997
1.7966157438048698
1.1169541694243827
0.5052587524819445
-0.045267122766249945
-0.540740410489625
-0.9866663694406625
-1.3879997324965965
-1.7491997592469368
-2.0742797833222433
-2.366851804990019
-2.630166624491017
-2.8671499620419154
-3.080434965837724
-3.2723914692539515
-3.4451523223285565
-3.600637090095701
-3.740573381086131
-3.866516042977518
-3.979864438679766
-4.081877994811789
-4.17369019533061
-4.256321175797549
-4.330689058217795
-4.397620152396016
-4.457858137156414
-4.512072323440773
-4.560865091096695
-4.604778581987026
-4.644300723788324
-4.679870651409492
-4.711883586268542
-4.740695227641688
-4.146625704877519
-2.991963134389767
-3.1927668209507902
-3.3734901388557113
-3.53614112497014
-0.8625270124731266
8.043725688774186
6.7393531198967676
5.565417807907091
9.218876027116382
9.696988424404744
14.02728958196427
16.214560623767845
17.20310456139106
20.892794105251955
29.07351469472676
42.24616322525409
51.09154690272868
55.68239221245582
52.26415299121023
46.53773769208921
44.43396392288029
60.36056753059226
68.80451077753304
84.92405969977975
90.32165372980178
104.70948835682161
108.98853952113944
124.95968556902551
129.38371701212296
139.04534531091068
143.5508107798196
148.70572970183764
161.86515673165388
174.9286410584885
183.94577695263968
186.36119925737572
186.36119925737572
197.41507933163814
209.97357139847435
220.47621425862692
230.85859283276423
238.20273354948782
242.85246019453905
244.61721417508517
245.55549275757667
245.239943481819
246.3459491336371
242.10135422027338
245.12121879824605
252.10909691842144
259.9781872265793
263.84036850392135
271.4163316535292
278.0246984881763
283.3222286393587
287.9000057754228
289.98000519788053
294.4420046780925
291.9978042102832
293.8780237892549
291.53022141032943
289.7571992692965
284.81147934236685
290.84033140813017
289.15629826731714
287.6806684405854
281.7226015965269
278.3803414368742
273.92230729318675
277.0200765638681
283.6380689074813
291.7842620167332
290.2358358150599
297.3622522335539
294.2260270101985
300.93342430917863
306.99008187826075
312.2110736904347
315.74996632139124
317.27496968925215
321.3174727203269
319.6557254482942
323.2101529034648
326.59913761311833
326.6792238518065
328.9213014666259
320.64917131996333
324.484254187967
320.37582876917025
320.8682458922532
320.87142130302783
324.49427917272504
323.31485125545254
327.3433661299073
325.72902951691657
326.7161265652249
331.1845139087024
335.62606251783217
340.63345626604894
338.8501106394441
338.69509957549974
338.28558961794977
337.80703065615484
336.9563275905394
332.72069483148545
328.9086253483369
332.1477628135032
331.4229865321529
335.4206878789376
338.19861909104384
337.0587571819395
340.0728814637455
339.73559331737096
339.0720339856339
338.89483058707054
343.32534752836347
342.28281277552713
345.40453149797446
337.944078348177
337.2496705133593
335.3647034620234
338.73823311582106
336.57440980423894
335.42696882381506
323.2242719414336
326.63184474729024
328.53866027256123
321.6947942453051
327.8853148207746
333.64678333869716
337.0421050048274
337.48789450434464
339.88910505391016
342.6801945485191
334.6521750936672
334.7069575843005
334.7069575843005
339.1762618258704
333.0786356432834
320.1507720789551
313.1756948710596
312.8081253839536
300.72731284555823
304.57458156100245
308.8771234049022
313.48941106441197
319.64046995797077
324.1864229621737
322.71778066595635
325.56600259936073
325.30940233942465
329.51846210548223
330.616615894934
332.2549543054406
330.50945887489655
328.1385129874069
332.8846616886662
334.31619551979963
336.0045759678197
334.0541183710377
337.38870653393394
333.88983588054055
337.2608522924865
341.28476706323784
336.806290356914
338.24566132122266
340.3610951891004
341.69498567019036
343.25548710317133
346.2999383928542
343.98994455356876
342.2709500982119
343.35385508839073
346.34846957955165
347.42362262159645
350.6412603594368
350.2971343234931
347.16742089114376
345.9706788020294
348.68361092182647
347.76524982964384
347.49872484667947
341.8288523620115
345.0359671258104
347.2923704132293
348.1231333719064
344.3508200347158
345.45573803124427
347.25016422811984
346.0251478053079
348.9626330247771
349.79636972229946
353.80673275006956
348.0760594750626
341.18845352755636
336.18960817480075
325.9906473573207
321.48158262158864
323.0834243594298
319.8950819234868
323.44557373113815
321.2110163580244
323.199914722222
325.78992324999984
327.93093092499987
332.2978378324999
336.01805404924994
337.766248644325
337.2796237798925
327.7316614019033
327.04849526171296
331.67364573554164
334.46628116198747
333.14965304578874
332.72468774120983
334.59221896708885
336.65299707037997
333.49769736334196
329.60792762700777
332.797134864307
335.0374213778763
335.47367924008864
336.64631131607973
337.7016801844718
337.4315121660246
340.21836094942216
341.9665248544799
342.0898723690319
339.1708851321288
343.0037966189159
342.7934169570243
342.4340752613219
340.8906677351897
342.3416009616708
343.64744086550377
344.8426967789534
344.8426967789534
345.11842710105805
345.36658439095226
345.779925951857
345.9419333566713
342.2377400210042
336.2539660189038
337.97856941701343
341.3607124753121
341.94464122778083
342.6601771050028
344.5441593945025
340.95974345505226
339.583769109547
336.5153921985923
340.17385297873307
337.65646768085975
333.1408209127738
335.7867388214964
339.15806493934673
339.20225844541204
342.63203260087084
345.5288293407838
342.8159464067054
343.0843517660349
337.24591658943143
338.8313249304883
339.2881924374394
338.4393731936955
336.8954358743259
329.65589228689333
330.78030305820397
331.03227275238356
332.89904547714525
335.77914092943075
337.7412268364877
340.28710415283894
335.758393737555
335.97255436379953
331.4952989274196
336.4957690346776
337.18619213120985
323.8875729180889
296.53881562628004
266.38493406365205
239.24644065728685
214.82179659155818
192.83961693240238
173.05565523916215
155.25008971524593
139.22508074372135
124.80257266934922
111.8223154024143
103.19008386217287
102.20107547595558
96.17096792836001
86.05387113552402
76.94848402197162
68.75363561977446
61.37827205779701
54.74044485201731
48.76640036681558
43.389760330134024
47.100784297120626
77.76070586740856
96.49463528066771
86.34517175260093
85.67065457734084
86.08358911960676
78.87523020764608
72.75770718688148
64.98193646819333
82.89374282137399
98.80436853923659
88.42393168531294
79.08153851678165
70.67338466510348
63.106046198593134
59.535441578733824
56.49189742086044
50.342707678774396
44.80843691089696
39.82759321980726
35.34483389782654
31.310350508043886
27.679315457239497
24.411383911515546
21.470245520363992
21.083220968327595
18.474898871494837
16.127408984345355
14.01466808591082
24.21320127731974
29.461881149587768
29.655693034628992
29.620123731166093
29.798111358049486
28.75830022224454
35.102470200020086
56.38222318001808
56.38222318001808
82.01400086201627
73.31260077581464
65.48134069823318
61.883206628409866
59.44488596556888
88.450397369012
111.3153576321108
135.11382186889972
151.29243968200973
163.60319571380876
172.72287614242788
182.3005885281851
193.7605296753666
205.63447670782995
222.19102903704697
234.1019261333423
242.42173352000805
254.11956016800724
261.4076041512065
270.19684373608584
273.43715936247725
283.0234434262295
289.84109908360654
289.2669891752459
290.83029025772134
293.4572612319492
297.80153510875425
303.2013815978788
310.19124343809096
317.5321190942819
322.32890718485373
320.5060164663684
323.9954148197316
323.5158733377585
322.0542860039826
326.16885740358435
326.65197166322594
322.60677449690337
327.67609704721303
327.01848734249177
331.6866386082426
328.18797474741837
331.05917727267655
332.6732595454089
335.785933590868
333.9173402317812
335.49560620860314
332.60604558774287
337.9154410289686
339.7038969260717
342.28350723346455
340.3751565101181
340.65764085910627
343.1818767731956
338.0936890958761
330.9643201862885
334.20788816765963
337.9070993508937
339.65638941580437
342.62075047422394
343.70867542680156
339.8778078841214
337.1800270957093
342.6020243861384
339.1918219475246
337.76263975277215
334.8563757774949
335.08073819974544
337.11266437977093
340.35139794179383
341.2262581476145
343.86363233285306
343.1472690995678
342.772542189611
341.7852879706499
343.96675917358493
345.30008325622646
336.00007493060383
337.96006743754344
338.4840606937891
338.36565462441024
341.28908916196923
339.2501802457723
338.045162221195
338.35064599907554
339.845581399168
342.79102325925123
345.86192093332613
345.00572883999354
348.6751559559942
345.72764036039484
343.05487632435535
345.0693886919198
344.0824498227278
343.99420484045504
345.15478435640955
346.5593059207686
339.72337532869176
343.08103779582257
343.08103779582257
343.8729340162403
345.44564061461625
343.6010765531546
342.61096889783914
345.1098720080552
344.2888848072497
346.4099963265248
341.79899669387225
341.53909702448505
335.0351873220365
338.0816685898329
337.5235017308496
335.5011515577647
335.70103640198823
337.04093276178946
339.88683948561055
342.04815553704947
341.78333998334455
341.9450059850101
341.88050538650907
344.2424548478582
341.1282093630724
342.9553884267652
338.91984958408864
340.3778646256798
338.66007816311185
339.0740703468007
334.8166633121206
333.04499698090854
338.71049728281764
331.3294475545359
313.1165027990823
308.99485251917406
312.2053672672567
290.5848305405311
271.126347486478
275.4937127378302
283.1043414640472
286.0439073176425
288.51951658587825
295.0375649272904
300.67380843456135
303.1364275911052
307.3327848319947
313.75950634879524
316.7035557139157
317.58320014252416
320.12488012827174
320.3323921154446
325.2491529039001
325.8442376135101
327.40981385215906
330.5888324669432
331.46994922024885
337.10295429822395
336.9326588684016
337.7693929815614
341.74245368340524
342.8982083150647
343.97838748355827
341.44054873520247
341.9964938616822
340.24684447551397
337.74216002796254
330.5679440251663
326.97114962264965
332.4040346603847
333.71363119434625
329.6322680749117
332.77904126742055
335.8611371406785
337.92502342661066
340.6625210839496
342.1362689755547
340.6426420779992
342.7083778701993
342.9675400831794
340.3807860748615
342.66270746737536
340.4864367206378
339.9777930485741
338.0700137437167
341.003012369345
340.8227111324105
342.68044001916945
343.3423960172525
337.64815641552724
333.5533407739745
333.33800669657705
333.9042060269193
336.43378542422744
332.0404068818047
323.52636619362426
329.70372957426184
332.6533566168357
333.89802095515216
332.0282188596369
332.7453969736733
331.83085727630595
331.83085727630595
335.36777154867536
335.56099439380785
335.52489495442705
336.2924054589844
336.18316491308593
332.9748484217774
334.5873635795997
336.81862722163976
338.8467644994758
338.6720880495282
337.4848792445754
335.83639132011785
336.4227521881061
334.68047696929546
332.4824292723659
332.71418634512935
333.9727677106164
334.87549093955477
334.9479418455993
336.9731476610394
334.3558328949354
334.63024960544186
328.2672246448977
333.5905021804079
333.9214519623671
330.42930676613037
328.08637608951733
329.63773848056564
334.5939646325091
333.45456816925815
336.6391113523323
334.3452002170991
338.8706801953892
335.07361217585026
337.9062509582652
340.83562586243875
333.6020632761949
331.7218569485754
334.86967125371785
334.71270412834605
335.9614337155115
336.05529034396034
332.9597613095643
337.0337851786079
338.49040666074717
336.5613659946725
340.0652293952053
338.3587064556848
333.8128358101163
329.1115522291047
331.1503970061942
328.12535730557477
333.0628215750173
335.6965394175156
338.6368854757641
342.0631969281877
343.986877235369
345.10818951183205
346.34737056064887
344.412633504584
342.25137015412565
344.5962331387131
346.2466098248418
345.94194884235765
336.74775395812185
330.5729785623097
334.04568070607877
337.7811126354709
340.5330013719238
340.8597012347314
338.88373111125827
338.36535800013246
338.27882220011924
339.4009399801073
343.0208459820966
343.4387613838869
345.6648852454982
342.2183967209484
338.1065570488536
338.42590134396823
343.3433112095714
342.8889800886143
345.1300820797529
345.5470738717776
345.5423664845999
344.7181298361399
344.73631685252593
343.99268516727335
341.873416650546
337.7760749854914
338.94846748694226
329.50362073824806
330.05325866442325
329.3079327979809
334.3371395181828
323.29342556636453
295.8440830097281
265.75967470875526
238.68370723787973
238.68370723787973
214.31533651409177
192.3838028626826
172.64542257641432
154.88088031877288
138.8927922868956
124.50351305820604
111.55316175238544
99.8978455771469
89.40806101943221
79.96725491748899
71.4705294257401
67.04347648316609
72.45912883484948
95.51321595136453
109.79189435622807
98.31270492060527
90.63143442854475
81.06829098569028
72.46146188712126
64.71531569840914
80.65378412856823
96.07840571571143
111.82056514414029
126.89850862972627
146.10865776675365
130.9977919900783
120.00801279107047
134.81721151196342
153.44549036076708
176.69094132469039
194.50184719222136
212.00166247299921
225.31149622569933
230.0103466031294
238.88931194281645
250.3103807485348
260.3993426736813
257.7994084063132
265.7294675656819
277.68652080911374
282.44786872820237
286.7530818553821
295.2577736698439
299.04199630285956
301.66779667257356
305.0010170053162
305.3709153047846
308.54382377430613
308.40944139687554
308.45849725718796
313.5926475314692
316.38338277832224
322.45504450049003
326.75954005044105
325.77358604539694
322.44622744085723
324.06160469677155
330.24544422709437
328.3008998043849
330.80080982394645
335.0907288415518
333.6916559573967
332.85249036165703
334.8572413254914
338.3415171929422
338.447365473648
342.7326289262832
344.60936603365485
346.8684294302893
344.8815864872604
347.53342783853435
346.8900850546809
344.3110765492128
345.7799688942915
344.2619720048624
343.5657748043762
344.3691973239386
340.21227759154476
337.6510498323903
336.7959448491513
340.86635036423615
338.08971532781254
341.2507437950313
343.6556694155282
346.03010247397543
346.3570922265779
339.7913830039201
337.9222447035281
339.86002023317536
338.59401820985784
341.30461638887203
342.3141547499848
342.21273927498635
345.7014653474877
340.02131881273897
336.52918693146506
340.2262682383186
336.08364141448675
335.9752772730381
335.9752772730381
336.4877495457343
340.2089745911609
338.4880771320448
338.30926941884036
332.71834247695637
328.69650822926076
329.15685740633467
324.5211716657012
327.6290544991311
328.156149049218
333.2805341442962
336.48248072986655
336.50423265687994
334.5438093911919
336.64942845207275
339.95448560686543
342.6790370461789
346.58113334156104
347.27302000740497
347.05571800666445
349.87014620599797
347.60313158539816
347.98281842685833
347.10453658417254
340.8440829257553
342.8696746331798
345.1127071698618
344.9214364528756
347.569292807588
343.4923635268292
341.4431271741463
341.8488144567317
341.5439330110585
343.15953970995264
340.91358573895735
342.55222716506165
342.04700444855547
341.32230400369997
342.35007360333003
344.24506624299704
341.32055961869736
341.6985036568276
338.83865329114485
339.4847879620304
337.62630916582737
340.1236782492446
338.6413104243202
341.1371793818882
343.7434614436994
343.05911529932945
345.8732037693965
347.05588339245685
337.6002950532112
338.7902655478901
340.2812389931011
339.143115093791
342.1588035844119
342.7029232259707
345.38263090337364
347.3543678130363
346.34893103173266
344.85403792855936
339.6186341357034
340.9867707221331
334.97809364991974
333.1502842849278
331.905255856435
333.2847302707915
338.08625724371234
337.56763151934115
338.57086836740706
338.8437815306664
335.46940337759975
334.81246303983977
335.2712167358558
333.60409506227023
333.15368555604323
335.1483170004389
336.54348530039505
339.83913677035554
337.60522309332
335.744700783988
337.12023070558917
340.7382076350302
333.8743868715272
333.79694818437446
331.687253365937
331.5985280293433
336.188675226409
337.91980770376813
323.1778269333913
303.66004424005223
277.474039816047
249.22663583444233
223.8039722509981
200.9235750258983
180.33121752330845
161.79809577097762
145.11828619387987
145.11828619387987
130.10645757449188
119.13581181704271
108.76223063533844
97.3860075718046
87.14740681462413
77.93266613316172
69.63939951984555
69.475459567861
64.46791361107489
60.76112224996741
57.615010024970665
51.3535090224736
46.93815812022624
45.17434230820362
67.27690807738325
97.30921726964493
119.89829554268044
143.2784659884124
166.30061938957115
184.62055745061406
201.88850170555264
211.76965153499737
228.34268638149763
240.0584177433479
252.7725759690131
264.4653183721118
270.88878653490065
278.3299078814106
284.22691709326955
288.9242253839426
294.3518028455483
298.64662256099353
293.6519603048942
288.1667642744048
290.4700878469643
289.0730790622679
295.0957711560411
302.706194040437
300.0855746363933
307.40701717275397
310.7963154554786
312.45668390993075
312.1210155189377
307.588913967044
308.75002257033964
311.6050203133057
310.51451828197514
309.1530664537776
309.29775980839986
311.4679838275599
315.2111854448039
319.0200669003235
321.01806021029114
325.65625418926203
324.5706287703359
328.01356589330226
329.302209303972
331.1519883735748
335.19678953621735
336.1871105825956
337.43839952433603
339.0445595719025
338.26010361471225
336.314093253241
336.8126839279169
337.4514155351252
337.2462739816127
336.79164658345144
340.8824819251063
343.74423373259566
341.2498103593361
341.8648293234025
340.5683463910622
342.471511751956
343.1543605767604
340.31892451908436
343.0270320671759
345.5043288604584
347.69389597441256
350.4645063769713
350.53805573927417
348.83425016534676
347.0708251488121
346.70374263393086
348.1833683705378
348.715031533484
344.5435283801356
348.6391755421221
348.4552579879099
346.9397321891189
346.79575897020703
347.27618307318636
342.6385647658677
336.254708289281
338.5492374603529
340.0043137143176
343.12388234288585
345.7414941085973
346.0773446977376
346.0773446977376
347.1996102279639
344.75964920516753
343.8236842846508
346.41131585618575
346.7201842705672
346.9781658435105
350.2003492591595
348.51031433324357
342.5292828999192
339.7363546099273
338.7127191489345
343.8114472340411
347.37030251063703
337.48327225957337
335.46494503361606
334.8284505302545
334.23560547722906
334.33204492950614
337.00884043655554
336.9979563929
333.34816075361
336.333344678249
338.39001021042407
340.68100918938165
338.51290827044346
340.9816174433991
343.4134556990592
342.23211012915334
341.98889911623803
341.77000920461427
344.18300828415283
346.52470745573754
336.7422367101638
313.62801303914745
289.7552117352327
260.27969056170946
233.7517215055385
209.87654935498466
188.3888944194862
169.05000497753758
151.64500447978384
135.98050403180545
121.88245362862492
113.26420826576242
113.72778743918619
134.88500869526757
152.7065078257408
172.9758570431667
189.19827133885005
205.96844420496504
211.36159978446855
219.49543980602172
223.76589582541956
230.02930624287762
242.35637561858988
254.06073805673088
264.3646642510578
265.018197825952
246.92637804335678
221.7337402390211
199.060366215119
178.6543295936071
166.45889663424637
172.85300697082172
155.06770627373956
142.30093564636562
129.42084208172906
118.98875787355617
109.10988208620054
97.69889387758049
87.42900448982245
78.1861040408402
69.8674936367562
62.38074427308057
55.64266984577252
49.578402861195265
44.12056257507574
42.65850631756817
37.892655685811356
54.033390117230226
82.76005110550722
106.9740459949565
125.12664139546087
146.91397725591477
159.0925795303233
173.46332157729097
188.43698941956188
203.11329047760572
217.79196142984514
231.99276528686062
235.22348875817457
248.86113988235712
256.2350258941214
260.28152330470925
272.8033709742383
275.3630338768145
280.71673048913306
287.9550574402198
287.6695516961978
287.6695516961978
291.602596526578
295.5323368739202
299.28910318652817
300.86019286787536
301.70417358108784
307.6637562229791
308.35738060068115
312.6216425406131
313.8694782865518
319.2225304578966
319.83027741210697
316.2972496708963
320.62752470380667
316.384772233426
307.34629501008345
308.91166550907514
312.32049895816766
317.6184490623509
323.2066041561159
325.1659437405043
325.5593493664539
325.4934144298085
322.59407298682765
322.2346656881449
322.2911991193304
326.42207920739736
326.0998712866576
329.4098841579919
327.14889574219274
330.60400616797347
329.02360555117616
331.89124499605856
326.56212049645274
330.03590844680747
327.1223176021267
330.92008584191404
332.58807725772266
336.6992695319504
329.60934257875533
325.1384083208798
327.95456748879184
331.89911073991266
334.2691996659214
329.18227969932923
329.1540517293963
323.0886465564567
313.71978190081103
316.2478037107299
315.8930233396569
320.4537210056912
320.09834890512207
320.9985140146099
316.94866261314894
317.97379635183404
316.91641671665064
