0.0
0.0
0.0
0.0
0.0
0.0
0.0
0.0
0.0
0.0
0.0
0.0
0.0
0.0
0.0
0.0
0.0
0.0
0.0
0.0
0.0
0.0
0.0
0.0
0.0
0.0
0.0
0.0
0.0
0.0
0.0
0.0
0.0
0.0
0.0
0.0
0.0
0.0
0.0
0.0
0.0
0.0
0.0
0.0
0.0
0.0
0.0
0.0
0.0
0.0
0.0
0.0
0.0
0.0
0.0
0.0
0.0
0.0
0.0
0.0
0.0
0.0
0.0
0.0
0.0
0.0
0.0
0.0
0.0
0.0
0.0
0.0
0.0
0.0
0.0
0.0
0.0
0.0
0.0
0.0
0.0
0.0
0.0
0.0
0.0
0.0
0.0
0.0
0.0
0.0
0.0
0.0
0.0
0.0
0.0
0.0
0.0
0.0
0.0
0.0
0.0
0.0
0.0
0.0
0.0
0.0
0.0
0.0
0.0
0.0
0.0
0.0
0.0
0.0
0.0
0.0
0.0
0.0
0.0
0.0
0.0
0.0
0.0
0.0
0.0
0.0
0.0
0.0
0.0
0.0
0.0
0.0
0.0
0.0
0.0
0.0
0.0
0.0
0.0
0.0
0.0
0.0
0.0
0.0
0.0
0.0
0.0
0.0
0.0
0.0
0.0
0.0
0.0
0.0
0.0
0.0
0.0
0.0
0.0
0.0
0.0
0.0
0.0
0.0
0.0
0.0
0.0
0.0
0.0
0.0
0.0
0.0
0.0
0.0
0.0
0.0
0.0
0.0
0.0
0.0
0.0
0.0
0.0
0.0
0.0
0.0
0.0
0.0
0.0
0.0
0.0
0.0
0.0
0.0
0.0
0.0
0.0
0.0
0.0
0.0
0.0
0.0
0.0
0.0
0.0
0.0
0.0
0.0
0.0
0.0
0.0
0.0
0.0
0.0
0.0
0.0
0.0
0.0
0.0
0.0
0.0
0.0
0.0
0.0
0.0
0.0
0.0
0.0
0.0
0.0
0.0
0.0
0.0
0.0
0.0
0.0
0.0
24.800000000000004
42.900000000000006
0.0
0.0
18.6
83.53777588612232
0.0
0.0
0.0
0.0
0.0
0.0
0.0
0.0
0.0
0.0
0.0
0.0
0.0
0.0
0.0
0.0
0.0
0.0
0.0
0.0
0.0
0.0
0.0
0.0
0.0
0.0
0.0
0.0
0.0
0.0
19.200000000000003
19.200000000000003
0.0
0.0
0.0
0.0
0.0
0.0
0.0
0.0
0.0
0.0
0.0
0.0
0.0
0.0
0.0
0.0
0.0
0.0
0.0
0.0
0.0
0.0
0.0
0.0
0.0
0.0
0.0
0.0
0.0
0.0
0.0
0.0
0.0
0.0
0.0
0.0
0.0
0.0
0.0
0.0
0.0
0.0
0.0
0.0
0.0
18.6
0.0
0.0
114.3
139.5
0.0
138.9
0.0
0.0
0.0
0.0
0.0
0.0
0.0
0.0
0.0
0.0
0.0
0.0
0.0
0.0
0.0
0.0
0.0
0.0
0.0
0.0
0.0
0.0
0.0
0.0
0.0
0.0
0.0
0.0
0.0
0.0
0.0
0.0
0.0
0.0
0.0
0.0
18.6
37.2
0.0
0.0
0.0
84.60000000000001
119.5573502550136
0.0
0.0
84.65158002069425
29.024127893874777
74.5962465543676
84.69999999999999
41.382242568522074
98.04228679503554
133.87908723919506
167.49256699925522
140.80912612469405
117.66137854028399
79.5
0.0
91.5
166.40916441109846
158.26168203327046
129.16268811076984
157.88631986337512
132.86519484048483
121.31797063914316
116.5684777287582
194.89576701406318
122.18919755854034
115.97279853482884
138.28698420314183
148.83013807693658
69.33433492866287
113.3714690740135
153.40954989830325
153.40954989830325
66.24869810041552
84.80919761440973
85.18450563336035
84.2033847300689
111.17108436999253
117.46407961585534
93.89382301301826
144.75841944425892
118.78905673503768
122.94881048631581
140.03031814575013
109.84357059018065
72.78461375867842
61.82685500654226
124.3006033774575
62.29157246369689
87.44398206852202
116.35377088861367
35.30566526777254
108.68215124849158
62.272305240772965
149.41218156495808
127.11789803170912
148.519493670023
147.6819555666839
128.92637433822455
55.959717654755906
145.17231140957975
145.24062792483377
121.56105461865656
145.3320680373055
159.85793693151427
114.5394691798421
118.2909971215054
45.94877582700109
111.567065032652
53.8000929367227
181.16401408668335
39.58547713492917
51.763404061170476
41.38792094319308
46.29081982423729
119.40686747419514
47.021378116767266
157.05861962974205
46.412929233135024
69.17723614022174
117.0804851373618
121.8034892767855
167.5516636742232
58.45340024327071
140.16789932077887
69.48963951554217
118.5018565255414
49.732182739147895
119.02692972600781
36.598360619022266
122.00557364317417
44.77990620803041
43.71773095667248
55.69057370866277
22.000227271553353
119.78130071092066
89.79203750890164
125.82225558302474
58.3288093483829
118.77798617589036
156.0526834117248
157.43011147807778
61.777099316818045
114.83505562327211
35.42936635052905
35.98833144228834
112.34304606872648
54.89225810622114
84.02267551084053
116.3765010644331
122.57002080443652
51.06231487114544
125.43161483453842
54.79461652388855
155.23066707323008
119.40686747419514
118.77221897396714
38.76454565708207
122.74563128682014
116.62285367799915
157.7061825040477
41.78767760955375
60.23130415323912
141.74163114625145
25.048752463945185
23.80021008310641
25.58593363549589
63.264919189073495
29.227555491350966
47.786609002941404
142.82870859879677
53.7695080877629
53.7695080877629
31.119768636672095
186.0665472351223
165.37944249512995
156.74705738864765
59.95373216072541
156.90761613127643
60.20265774864096
55.77849047796112
36.99459419969355
32.13098193333033
40.290073219094545
123.3971231431268
60.16776545626404
117.6188760361193
28.320310732758564
119.43136104055752
73.21475261175168
114.3694015023249
157.09538503724417
41.05167475268214
56.40709175272202
63.778993406920435
122.34234753346855
38.39322856963191
116.57804252945749
43.25320797351336
24.62620555424648
154.21235359075484
30.132374616017234
61.32568792928458
57.48573736154038
41.9786850675435
39.250605090877265
111.93105020502578
114.80923307818061
48.34759559688569
34.18201281375923
40.12343454890172
37.10040431046541
33.78697974072261
114.0271897399914
60.88152429103595
34.02484386444705
109.2558922896152
55.599370500033544
138.1584597482181
40.18569397186018
33.80295845040786
44.77767300787302
110.81624429658316
52.10988389931415
46.61802226607216
69.9771391241454
48.536996198776045
66.58836234658426
27.314648084864647
112.02164969326242
53.15035277399389
120.91881574014856
127.7370737100236
107.6767848702774
48.07754153448364
105.36299160521212
29.72608282300243
109.57047960103122
51.88728167865416
53.91929153837242
71.14464140045968
32.64720508711274
36.20013812128346
49.22042259062797
115.84856494579466
171.17581604888
116.21828599665372
33.823216878351474
32.62269148920733
133.98958914781403
114.21247742694317
56.91080740948945
53.38876286260996
117.86810425216824
110.01290833352239
28.952547383606852
37.02107507893308
45.43610898833657
65.21932229025383
60.18272177294743
118.63473353112065
69.26045047500052
65.99401488013895
59.99466642960856
160.68195293809447
31.7214438511238
71.65116886694872
128.25895680224443
115.55950847939775
44.31297778303778
48.121097244348036
59.50831874620557
59.50831874620557
31.35027910561563
44.97377013326768
64.57902136142975
51.250756091983654
135.26377933504594
116.61320679923007
62.97975865307837
38.43123729467996
63.54179726762535
120.78199369111275
41.6467285629976
72.08057990887698
116.0299961216926
119.43404037375609
28.38467896594922
114.34159348198712
104.99738091971628
34.874632614552375
40.57647101461634
47.58403093475793
36.36825538845657
51.78648472333298
75.26911717298138
42.31134599608006
147.69972918052355
42.54515248533022
45.92646295982307
115.47709729639034
124.46123894610723
147.0423408409972
63.35053275229814
119.74059462020388
72.21087175765156
46.36388680859274
43.40322568657772
50.746034327817185
107.71350890208711
55.42282923128339
85.29923798018363
41.22438598693739
42.10985632841794
148.48353444069141
115.1756918798407
0.0
0.0
0.0
0.0
0.0
0.0
0.0
0.0
0.0
91.5
116.3056748400524
98.95701086835638
0.0
0.0
0.0
0.0
0.0
0.0
0.0
139.29770278077095
41.09270008164467
152.75172666781873
0.0
86.74698842034805
112.29585922909179
29.03101789465881
50.7071000945627
0.0
167.49713430384415
168.08450255749338
0.0
0.0
0.0
0.0
97.2
102.29999999999998
0.0
0.0
0.0
0.0
0.0
0.0
0.0
0.0
50.62845049969434
0.0
0.0
0.0
136.51446809770752
130.81441052116546
109.20000000000002
102.9
109.20000000000002
73.2
149.54918923217204
169.360827820367
169.360827820367
122.5349337944082
0.0
0.0
103.5
127.5
68.54815825388746
121.50098765030678
64.48883624318243
114.46261398378076
152.72995776860543
129.98830716645247
142.3567701235175
114.98647746583073
122.75280037538859
39.85172518223019
121.24772162807844
115.08001564129195
56.85631011594052
113.88678588844274
56.55802330350664
121.67678496738809
54.35632437904535
39.44058823090751
150.64424980728603
119.39719427189233
115.70086430100685
39.454910974427506
72.3668432363883
22.22813532440362
31.03932988967384
32.293188136199866
113.52748565876018
46.51494383528804
68.58979515933838
114.8568239156908
34.970844999799475
71.05490834558863
149.72094041916782
28.425516705945732
120.14029299115265
31.189902212094218
152.1788750122697
39.101023004519966
25.713031715455106
35.57752099289662
114.69476884322144
55.40947572392289
128.00406243553365
32.4316203727165
39.981995948176476
56.30674915141168
118.29015174561238
61.248346916467874
31.069116498542407
153.54090660146565
123.69947453404964
36.732002395731165
27.491089465497723
49.5160580014201
47.94382129117369
43.3410890495382
103.381042749626
113.38734497288488
25.745679249147805
117.51106330894977
124.78577643305347
118.64320460945076
123.50906849296533
40.147727208398734
46.372944698390675
121.83796616818584
42.22132162782212
86.28563032162424
54.70502719129202
67.90795240617994
42.47399204218977
122.58633692218721
144.05210862739915
30.809738720086543
75.30710457851902
76.09080102088556
37.18655671072545
127.44838170804681
114.50310039470546
86.41811152761902
44.05008513045122
42.26357769995342
35.80851853958776
118.5217701521539
37.75460236845304
81.14406940744344
115.6295809903331
37.080453071665666
55.80645123997762
48.1576577503516
47.97332592180784
48.911757277775244
147.6338714523195
32.622231683316826
32.622231683316826
47.83931437635786
40.30434219783273
115.21371446143033
74.59631358183861
46.9770156565953
120.19022422809601
37.982232688455795
125.15754072368154
53.44866696186164
147.13752070766995
27.02683851285607
117.20004266210827
118.47113572512085
70.30682754896569
57.16196287742401
35.80851853958776
51.44365850131579
68.00323521715713
59.50831874620556
50.23355452284857
46.844957039152035
72.07003538225855
72.55646077366234
159.06929307694807
53.87253474638074
70.30618749441616
117.82767077388911
110.50814449623158
111.83241927097885
22.58782858089728
152.1311605161809
100.16666112035482
141.83966300016365
56.32841201383188
154.95547747659649
156.95349629747022
116.41460389487224
74.8
116.22585770817095
119.39413720949617
73.10820747357987
41.263058539085534
116.37272017100915
56.2449108808966
50.13820898277081
66.14650406484078
95.76246655135822
120.01083284437284
112.82092004588512
38.45061768034423
120.72100065854326
53.613897452059945
25.470767558124354
56.65191964973473
38.09671901883415
38.205235243353755
43.91821945388952
37.821290300570126
59.56517438906731
34.87993692654848
121.17276921817047
48.8323663157951
119.29899412819876
114.10416293895678
145.69694574698536
153.0504491989488
45.73630942697498
53.87253474638074
92.4558813705218
57.27206998179828
35.83350387556316
26.515090043218784
33.77587896709721
40.042976912312604
122.66605072309126
29.106872040808508
52.01740093468723
122.05937079962358
46.64075471087491
115.31907908061007
47.20211859652064
112.43882781317136
40.52209273964019
31.511267825969806
50.67780579306883
65.71461024764585
150.9338928140396
116.22826678566622
95.03073187132676
48.92034341661963
27.006665843824557
111.57172580900593
128.37324487602547
39.50961908194004
49.4
119.01718363328885
114.55985335186145
116.62829845281978
70.22563634457148
70.22563634457148
28.798611077619697
49.618645688894006
122.35996077148766
48.48876158451564
115.8436877866032
107.44621910518768
36.708173476761274
40.60652656901351
57.981807491660696
41.63039754794566
115.26213602046424
107.50441851384528
47.51431363284121
51.85171164002207
115.78605270065994
115.48489078663061
61.97749591585643
50.44997522298698
57.73248652188818
36.57540156990761
119.72785807822672
56.19332700597109
109.51803504446197
24.868654969660103
54.593864124093656
118.49978902934807
121.30127781684742
48.94323242287946
41.28389516506406
138.91205851185128
37.27479040853215
72.88902523699984
29.80671065381083
117.29658989075513
48.473085315461404
38.74738700867453
146.1555678036249
118.89894869173571
41.363752247589915
120.44006808367389
41.344407118738566
46.94986687947049
119.08438184749502
47.294925732048675
52.40076335321843
104.38658917696276
28.601398567202967
113.60457737256893
115.57287744103286
114.14534594104133
62.56556560920711
133.17165614349022
24.299176940793696
39.29936386253599
58.508888213672286
41.316945676078234
39.69143484430867
57.77854272997892
57.84850905598173
118.73584126117943
116.25902115534949
36.87560169000636
57.90587189568947
49.142242521073456
172.54564613458086
124.65231646463695
38.22054421381255
37.51319767761741
43.04660265340344
47.93495592988482
118.5322319033941
43.13478874412161
42.40577790820492
71.51678124748065
28.089855820206694
53.8624173241417
56.21218729065789
66.36083182118803
103.91289621601354
62.18850376074343
23.9716499223562
53.08634476021117
32.326614422175425
63.7354689321417
39.27403722562782
116.44487966415697
55.77176705108061
46.626280143284006
118.80976390852732
86.84405563998033
48.43810483493342
136.9717124080735
47.25039682373048
62.57507491006304
53.67345712733623
161.8804806022023
67.53043758187859
0.0
0.0
0.0
0.0
0.0
0.0
0.0
0.0
0.0
0.0
0.0
0.0
0.0
0.0
96.6
137.2368755109209
113.85077953180645
157.40079415301562
0.0
79.5
0.0
0.0
0.0
177.41276729705785
133.31725319702622
159.75747243869378
138.03926977494484
113.7470878748111
0.0
78.3
180.9814631391845
122.77495672978263
40.11595692489461
49.4728208211337
38.241992625907976
57.99387898735521
152.58836783975377
116.0799724328017
42.257425383002214
51.57673894305455
138.93322136911675
63.41206509805528
40.61046663115311
65.33919191419496
51.6376800408384
42.20142177699704
117.6073552121635
117.6716193480824
60.139837046669825
116.94618420453058
55.40117327277465
118.41857962330067
111.96468193140193
60.8618106861766
45.281894836678376
48.221260871113685
36.03123644839294
64.37616018372017
119.03465881834585
121.33606224037435
35.68318931934196
119.56236866171562
53.55940627004747
31.445349417680195
118.5322319033941
54.74495410537851
37.313402417898054
28.743868911473974
32.1284920281049
37.68036624025834
41.6467285629976
33.90221231719252
115.28312972850799
36.09764535257113
56.95691353997336
113.64105772123031
52.92636394085655
123.98322467172727
76.5154232818456
64.26538726250702
118.57385883912187
118.01457537101084
62.40745147816885
27.828941769316348
70.04348649232132
27.026098497563424
33.18749764595095
51.010195059419246
49.05721149841275
151.09205803085746
133.4229740337098
36.4638176827386
126.86670169906682
43.17186583876124
76.7765589226295
101.7998526521527
26.33040068058213
108.97747473675466
133.73514870818366
33.61919094802848
118.12688093740562
57.62291210968082
57.62291210968082
53.858054179481826
44.68344212345329
113.32343093994287
118.40865677812583
156.94661512756494
157.5133327690072
91.04070518180316
123.88688389010356
29.34348309250284
59.89732882190991
28.292048352849953
43.04660265340344
118.37656017979235
114.34111246616416
50.64819838849157
56.87011517484381
36.07436763132515
45.2704097617859
52.44282601080914
62.89268637926035
34.55951388547009
58.35546246924961
55.41516038053124
55.648539962877734
112.32208153341888
42.160289372820955
15.640012787718558
54.25089861006913
48.32639030591877
157.14630126095872
125.22779244241272
65.23381025204644
63.38422516683469
39.63596851346009
113.64774524820103
30.229290431632695
56.128869577072365
47.91408978578222
48.104469646801014
51.91348572384636
62.87765898950119
52.80236737117002
115.07949426374797
74.19575459552925
116.04520670842032
50.32335441919586
33.78771966262298
41.99571406703308
49.28853822137557
61.42059915044789
30.406578235638417
45.199668140374655
133.87102001553586
61.20825107777545
49.16106182742598
65.75325087020413
51.410212993139794
29.910533261712335
50.26579353795183
31.35745525389457
57.0439304396182
43.25320797351336
152.87265942607266
57.72529774717494
61.26410041778138
114.40895943937258
118.54201786708374
55.891054740450194
26.138286095304718
118.64607030997698
33.92403277913756
65.99553015167012
126.09952418625537
116.53450132900558
69.2288957011449
121.59786182330674
59.38762497355825
40.626223058512345
48.687678112639546
37.286056375004314
56.94075868830692
112.68629020426576
49.014793685172236
29.668333286519484
154.11972618714321
116.34384384229361
121.05622660565626
59.17567067638524
22.76510487566442
50.184160847821296
162.92160691571883
124.21030553057987
120.58590299035787
0.0
0.0
0.0
0.0
0.0
0.0
0.0
0.0
31.122981862283055
61.20000000000001
0.0
0.0
0.0
0.0
148.44527611210805
73.2
97.2
102.9
0.0
36.6
102.9
143.41534088095318
48.73233013103314
125.54106897744657
55.86242028412303
80.4639670908662
47.6072473474365
57.14551600956981
155.36025875364652
35.07777073874564
66.62169316371357
39.465934677896584
46.06745054808221
118.0534201114055
82.66202271902134
46.454386229935274
46.25970168516005
52.296845029121975
63.733899927746464
145.63519492210665
129.5614140089556
56.24908888150989
114.29982502173833
54.83073955364819
25.837182508934678
151.02797754058685
40.398143521701584
52.33937332448679
73.60869513855003
121.04581777161903
107.91366919904077
129.9929228842863
51.594670267383236
112.03307547327262
113.2346678363124
115.42893917904644
119.77562356339457
122.9353081909343
59.3684259518475
44.82633154742869
51.010195059419246
113.94981351454683
45.795196254629154
51.82364325286287
45.905990894435554
63.76550791768227
40.443664522394606
45.294701676906975
59.987081942698296
71.52454124284895
59.80601976390002
71.07327205075056
68.46137597214944
118.95141865484412
70.32076506978575
36.540525447781945
46.542990879400946
114.44806682508884
51.71498815623958
113.50810543745324
42.89801860226181
73.36627290519806
73.59184737455638
56.658979870802476
62.31821563555876
41.30181594070653
35.609549281056616
30.396710348325524
68.42696836774226
56.74469138166142
61.034744203609144
27.828941769316348
43.88906469725688
127.225783550348
38.87737131031366
56.74469138166142
36.000138888620974
65.4709859403385
36.58196276855577
115.0595063434569
112.72160396303806
40.402475171702044
32.53136947624554
53.77508716868807
24.05015592465047
58.339437775830504
58.339437775830504
39.71662120573703
116.2590211553495
34.58091959448158
40.42536332551632
53.842826820292416
51.36740211457067
40.803921380181094
127.56884415875219
153.3414816675514
115.7542223851899
60.979094778456655
22.23083444227859
40.30434219783273
137.5988735419008
119.11091469718465
119.02978618816385
118.47569370972259
119.28017437948354
30.7423161131363
39.15469320528511
113.1364220752981
33.45982665824795
81.83452816507223
36.655286112646834
113.81739761565453
43.540326135664166
57.241680618234824
65.86379885794624
91.82679347554286
58.58463962507579
48.962128221718466
27.255091267504497
131.39410184631578
137.7644366300679
118.4706292715625
0.0
0.0
0.0
0.0
0.0
0.0
0.0
0.0
103.10387965542324
124.2903455623163
59.37516315767056
121.40547763589582
48.77950389251617
122.62038982159534
40.80306361046925
177.7990157453072
153.6099280645623
150.73805093605264
149.0128853488852
44.42082844792519
51.69564778586298
48.09251501013438
140.9229931558367
105.29620126101416
0.0
0.0
0.0
94.51142788044206
158.29289308114878
0.0
97.2
55.5
90.3
41.21116353610997
0.0
0.0
0.0
0.0
0.0
0.0
0.0
0.0
103.5
0.0
169.57302261857575
53.47345135672467
126.75602549780425
153.38008345283947
120.93800064495858
144.73980102238636
112.15952924294929
115.55327775532808
117.21672235649656
62.81791145843676
21.729242968865716
144.5524472293707
46.83844574705697
113.6214768430687
154.2673328997426
34.96355245108826
118.19661585680022
115.18632731361826
43.103248137466394
125.79701904258303
125.79701904258303
115.3195560171821
95.11934608690285
56.48265220401748
117.21092099288359
125.15674172812265
80.35178902799863
116.16729315947755
52.8450565332274
121.5939554418722
33.27221062688802
123.67137906565124
153.9917205566585
57.83286263016902
153.29370502404853
189.45711915892736
124.20386467417188
122.77866264135638
20.332486321156104
35.58440669731617
119.84890487609806
118.8288264690012
116.83959089281338
124.04777305538379
113.14769109442756
121.80131362181609
37.78412365001999
118.22250208822346
38.37655534307372
109.34879971906413
38.439693026870025
161.62351314087934
41.509155616562474
149.22278646373013
47.57530872206717
118.28055630575973
36.97418018022847
77.34882028835347
38.01065640054115
155.84145789872474
114.41717528413292
66.00007575753229
44.47516160735113
53.03809951346296
57.666628131008316
123.33811252001549
142.3567701235175
157.51266615736017
119.4077049440278
118.2480866652818
40.574006457336694
84.57594220580697
68.98470845049648
146.55186795124789
80.33280774378548
83.9168636210863
