96
185
266
352
473
569
653
741
817
902
987
1072
1173
1253
1350
1449
1525
1607
1700
1810
1916
2359
3071
3499
4269
5481
6448
7281
8542
9377
10735
11958
13669
14905
16307
17187
18406
19284
20473
21434
22519
23798
25143
26741
27696
28822
30070
30847
31791
32631
33431
34384
34992
35683
36377
37210
37790
38620
39377
40094
40935
41634
42361
42989
43752
44389
44987
45563
46299
46950
47452
48307
48860
49559
50340
51043
51825
52532
53235
53947
54630
55315
56116
56758
57774
58527
59255
59944
60784
61601
62116
63073
63855
64544
65370
66214
66998
67753
68474
69694
69694
70718
71906
72954
73646
74518
75241
76013
77177
77940
78580
79208
80105
80474
81011
81582
82324
82879
83556
84201
84772
85414
86357
87086
87732
88177
88928
89578
90414
91004
91903
92467
93093
93785
95152
95855
96675
97469
98349
99242
99813
100448
101427
102429
103778
104625
105390
106297
107133
108027
108854
109593
110954
111795
112372
112995
113812
114418
114992
115949
116584
117526
118394
119215
119819
120555
121824
122619
123546
124205
124841
125867
127016
127782
128950
129762
130896
131623
132598
133606
134588
135389
136397
137187
138291
139062
139890
140446
141396
142288
143129
143966
144614
145773
146847
147689
148587
149279
149869
150773
150773
151518
152215
152916
153632
154294
155178
156065
156960
157673
158383
159166
159969
160480
161180
162071
162787
163861
164637
165607
166240
167185
167922
168658
169704
170615
171180
172330
173673
174388
175139
175921
177066
178038
178921
179947
180593
181613
182240
183153
184298
185591
186429
187548
188257
189119
189817
190488
191215
192304
193321
193977
194962
195558
196386
197218
198061
198946
200482
201371
202262
203102
204193
204844
205609
206654
207784
208566
209316
210026
210720
211434
212432
213286
214066
214779
215608
216247
217526
218537
219430
220092
221524
222392
222956
223718
224564
225535
226544
227490
228265
229040
229746
230501
231093
232030
232880
234045
234922
235825
235825
236703
237549
238840
239609
240245
241429
242290
243307
244409
245496
246380
247293
247997
248936
249569
250540
251360
252089
252657
253600
254323
255487
256411
257067
257754
258646
259238
260191
260974
261928
263150
263972
264941
265581
266476
267366
268250
268921
269949
270899
271965
272617
273454
273970
275246
276281
277037
278188
278997
279639
280236
281132
281640
282538
283452
284198
285054
286014
286634
287477
288228
289208
289875
290735
291514
292586
293595
294259
294971
295801
296666
297591
298795
300271
301212
301936
302691
303355
304105
305252
306488
307188
308334
309167
310506
311290
312291
313401
314640
315740
316769
317928
318705
319721
320933
321958
323254
323873
324631
324631
325412
326377
327249
327923
328572
329215
329840
330673
331645
332382
333220
333847
334416
335206
335919
336754
337450
338362
339058
339769
340532
341111
341822
342452
343608
344396
344939
345852
346775
347684
348923
349726
351065
351991
352744
353639
354542
355310
356130
356885
357872
358833
359590
360571
361200
362103
362863
363704
364652
365866
366755
367994
369133
369757
370205
370981
371890
372582
373558
374517
375293
376342
377141
378100
378912
379628
380434
380957
382078
382902
383633
384370
385070
385899
387259
388135
389213
390379
391035
391677
392497
393260
394255
395573
396395
397046
397695
398590
399412
400103
400738
401760
402854
403707
404453
405683
406591
407472
408188
408188
409116
410014
411156
411830
412721
413478
414167
415198
415802
416659
417206
418095
418876
419558
420156
420762
421374
422270
423223
424313
425761
426713
427611
428518
429232
430127
431024
432108
432947
433522
434941
435647
436347
437157
437854
438507
439353
440104
440821
441561
442398
443127
443736
444461
445306
446138
446802
447536
448309
449127
450268
451108
451951
452711
453435
454334
455212
456052
456977
457941
458856
459515
460564
461167
461986
462757
463514
464368
465081
465775
466803
467569
468462
469222
470126
471535
472298
472911
473849
474918
476394
477616
478385
479799
480556
481406
482853
483900
484894
485734
486369
487403
488434
489267
490272
491315
492603
493567
494703
494703
495478
496160
496930
497468
497918
498680
499366
499985
500861
501937
502552
503333
504292
505061
506478
507245
508320
509347
510066
510944
512062
512699
513659
514931
515694
516335
517213
517930
518653
519461
520302
521298
522237
522980
523583
524539
525566
526810
527743
528818
529641
530414
531216
532074
533650
534455
535333
536124
536736
537457
538476
539366
540846
541363
542100
543100
543962
544893
545844
546923
548056
549047
549753
550516
551341
552528
553079
553771
554477
555837
557306
558119
558952
559716
560341
561007
561949
562475
563538
564183
564896
565608
566314
567332
567988
568622
569182
569844
570559
571183
571868
572607
573239
573887
574497
575097
575833
576603
577209
577209
577816
578553
579304
580204
580984
581669
582197
582815
583866
584734
585712
586420
587390
588145
588694
589330
589852
590874
591773
592620
593318
593957
594732
595661
596245
596892
597421
598057
599022
599758
600506
601172
601817
602598
603257
604259
604958
605552
606261
607009
607614
608303
608994
609904
610742
612078
612697
613360
614269
614889
615932
616683
617975
618974
619679
620640
621300
622132
622902
623679
624511
625395
626604
627363
628240
628859
629549
630172
631074
631678
632508
633447
634229
635043
636003
636962
637813
638573
639607
