104
197
279
365
477
709
805
883
1080
1303
1491
1622
1816
2026
2246
2455
2653
3127
3560
3959
4377
4811
5720
7413
8631
9511
10620
11545
12566
13245
14380
15279
16620
17470
19261
20799
22300
24105
26031
27443
29110
30904
34104
38669
38747
41587
41850
44008
46830
47806
49586
54556
54731
54825
55414
56053
58162
60390
62319
63734
65809
65930
66028
66995
67066
67501
67569
70615
71654
73008
74538
75769
75935
76093
76920
80124
82534
84387
86004
86960
89197
90505
91952
93112
94196
96061
98109
98674
100081
101104
102320
103663
106106
106941
108261
109050
113054
114074
114159
114377
114377
114813
115239
116656
117240
117992
118802
119974
121150
122293
123390
124334
125678
126478
130275
132936
133369
134346
136202
136296
138325
138430
138829
140177
140331
140786
144046
145334
146941
147742
149174
150379
152176
153786
155192
156472
160873
162074
162153
162749
162815
164445
164522
165294
165593
166158
166413
166581
166749
166907
167632
172064
174642
175739
177082
177894
180205
184952
188333
188413
190534
197515
197587
197975
199372
199821
199983
200399
200881
200983
201073
204681
205169
208119
211910
213958
215154
218623
221357
222589
223462
224180
225609
228214
231031
232446
233936
234701
234853
240667
240744
241231
241349
241749
243242
248458
248955
253087
253190
253272
88
186
286
376
477
570
686
837
938
1030
1141
1235
1367
1511
1628
1897
2331
2635
3165
3961
4533
5405
5981
6903
7459
8239
8741
9443
10194
10860
11432
12303
12823
13679
14417
15348
16459
17851
18980
19692
20327
21939
22868
23456
24180
25375
26428
26749
26929
27403
27833
28664
30183
31651
32107
33906
35065
36341
37935
38954
40713
41097
41248
41562
42660
42746
44872
45138
46437
47420
47955
48069
49023
49971
51237
51822
52843
54248
55003
56140
57570
58387
59153
59239
61245
61608
62735
62857
63327
63638
64060
64570
66761
67915
68029
68145
68301
69218
73607
73682
73682
73770
73834
73906
73972
74054
75728
76349
76469
76824
77343
77562
78654
84110
85349
86627
87653
91126
92590
93329
93901
94270
94962
95675
96113
96589
96879
97141
97356
97526
98047
100127
100596
101631
103527
105081
105834
106740
107688
108384
109862
112027
112333
114385
116006
116685
116967
117287
117455
119723
123761
124371
124667
126446
127245
127438
130031
134945
138402
138623
140596
141489
141555
143793
143942
144017
144089
144428
145571
146201
146275
146529
147517
148725
149641
150716
151662
153018
153534
154209
154724
155484
155815
156020
156508
157287
157678
158182
158632
159200
159654
160221
160525
161040
161578
162018
162465
163038
163564
164061
164061
164644
165149
165665
166186
166751
167308
167855
168305
168829
169375
169890
170401
170912
171454
171986
172415
172837
173214
173855
174318
174818
175201
175615
176060
176510
177123
177599
178152
178623
179199
179677
180126
180577
181020
181374
181797
182271
182624
183036
183454
183969
184479
184917
185372
185772
186206
186620
187006
187387
187745
188192
188658
189153
189602
190047
190492
190881
191389
191840
192223
192670
193056
193376
193830
194204
194655
195114
195504
195902
196285
196705
197087
197532
197983
198461
198889
199355
199774
200222
200612
200990
201374
201788
202148
202594
202980
203451
203872
204382
204828
205287
205662
206074
206559
207014
207454
207904
208389
209054
209054
209466
209787
210606
211121
211616
212092
212638
213278
213695
214140
214558
215068
215454
215904
216286
216635
217053
217502
217885
218333
218749
219165
219622
220092
220479
220894
221342
221664
222305
222755
223230
223645
224125
224481
224893
225443
225853
226275
226684
227234
227664
228126
228510
229053
229471
229855
230236
230715
231137
231615
232095
232540
232990
233444
233979
234363
234830
235489
235999
236516
237134
237662
238176
238752
239359
239932
240353
240802
241310
241726
242144
242558
242913
243426
243871
244318
244700
245087
245565
245982
246386
247010
247518
247904
248447
248988
249467
249820
250272
250728
251234
251614
251999
252539
252956
253347
253730
254143
254653
254653
255136
255582
255997
256478
256862
257386
257790
258211
258658
258956
259425
260062
260446
260848
261244
261665
262241
262782
263327
263904
264289
264739
265251
265884
266273
266718
267199
267613
268063
268578
269087
269532
269984
270432
270948
271391
271965
272414
272930
273279
273759
274555
277214
277460
278297
278406
278495
278569
278662
278753
278863
278939
279097
280075
280792
281067
281300
281556
281810
282066
282328
282582
284701
285117
285884
286773
287550
288234
288890
289235
289517
289964
290383
290557
290747
290921
291095
291321
292969
293136
293304
293496
293665
293838
294000
294188
294388
295409
295633
295843
296053
297461
298079
298255
298489
298675
298871
299119
299519
299519
299996
300185
300330
300505
300700
301096
301541
301982
302434
302975
303394
303906
304414
304864
305378
305785
306173
306589
307102
307583
307983
308383
308799
309342
309860
310364
310816
311229
311710
312095
312480
312957
313341
313895
314359
314780
315230
315678
316095
316510
316892
317278
317759
318175
318560
319008
319459
319931
320441
320926
321377
321711
322142
322526
322909
323391
323808
324192
324641
324991
325470
325951
326429
326845
327264
327774
328229
328668
329056
329437
329791
330209
330732
331167
331582
331998
332444
332896
333344
333853
334248
334690
335136
335519
336095
336541
336925
337311
337760
338076
338557
338992
339421
339903
340387
340832
341247
341664
342045
342045
342433
342911
343359
343844
344289
344637
345083
345565
346076
346558
347036
347389
347808
348265
348774
349216
349662
350108
350503
351039
351456
352028
352418
352800
353250
353763
354109
354529
354943
355294
355832
356726
357091
357631
357933
358264
358689
359080
359500
359902
360290
360830
361308
361765
362234
362623
363069
363420
363810
364254
364766
365245
365692
366176
366556
367009
367456
367839
368223
368800
369278
369725
370085
370719
371232
371627
372025
372473
373051
373501
373852
374269
374780
375264
375675
376125
376548
377072
377564
377915
378402
378814
379198
379681
380132
380582
381084
381600
382055
382501
382910
383395
383911
384383
384799
385197
385696
386078
386654
386654
387133
387618
387958
388508
388817
389311
389794
390271
390716
391138
391522
391968
392416
392934
393437
393804
394334
394811
395263
395677
396127
396642
397214
397598
398140
398565
398993
399391
399773
400158
400635
401122
401500
402001
402366
402719
403169
403638
404127
404508
404926
405470
405986
406372
406944
407388
407774
408223
408672
409182
409568
409982
410365
410751
411110
411580
411966
412320
412769
413183
413598
414015
414434
414972
415329
415715
416126
416540
416926
417380
417842
418337
418879
419302
419680
420127
420604
421154
421727
422176
422622
423075
423549
424029
424545
424894
425316
425888
426340
426853
427362
427871
428384
428839
429278
430312
431506
433206
436509
436509
436593
436678
436774
436850
437089
437349
437592
438296
438806
439038
439250
439508
441310
442016
442464
443077
444943
445097
445247
445406
446429
447137
447677
448224
448621
448782
448972
449247
449634
450046
450464
450913
451389
451781
452131
452637
453149
453631
454113
454522
454948
455585
455994
456382
456736
457247
457632
458078
458483
458943
459363
459874
460282
460702
461218
461728
462110
462461
462815
463231
463582
463997
464484
464927
465312
465853
466269
466656
467134
467613
468030
468476
468910
469343
469730
470180
470651
471139
471518
472059
472476
472992
473407
473758
474171
474720
475134
475515
475874
476318
476766
477214
477630
478014
478497
478910
479292
479718
480284
480284
480675
481117
481534
481855
482255
482588
483053
483550
483934
484386
484830
485305
485661
486046
486494
486942
487328
487735
488222
488673
489019
489574
490017
490462
490973
491359
491708
492258
492764
493087
493537
493990
494458
494911
495318
495774
496224
496702
497151
497573
498111
498597
499103
499494
499934
500320
500834
501245
501690
502176
502557
503006
503538
503968
504418
504930
505378
505889
506276
506683
507135
507617
508062
508512
509093
509598
510013
510463
510844
511290
511775
512222
512608
513010
513500
513888
514334
514814
515231
515706
516261
516700
517119
517532
517916
518302
518754
519294
519741
520124
520941
522110
522772
523051
523297
523518
523811
524026
524327
524327
524570
528305
528669
528846
529017
529184
529377
529656
530295
530924
531879
532507
533398
533728
534113
534525
534942
535388
535737
536163
536670
536990
537374
537791
538235
538619
539065
539490
539938
540450
540895
541348
541736
542527
543012
543580
544061
544445
544880
545308
545763
546299
546725
547298
547740
548254
548772
549157
549601
549983
550393
550847
551331
551838
552288
552737
553215
553758
554239
554716
555168
555553
556094
556516
556962
557405
557788
558311
558748
559076
559518
559968
560364
560802
561314
561824
562204
562592
563068
563452
563872
564384
564863
565350
565822
566302
566688
567034
567481
567970
568414
568860
569264
569766
570142
570590
571002
571327
571809
571809
572318
572734
573217
573665
574139
574588
575004
575439
575901
576414
576871
577246
577628
578078
578490
578851
579292
579678
580125
580575
581156
581600
582049
582589
582959
583388
583742
584189
584635
585054
585500
585855
586925
588558
589783
589995
590290
590505
590738
591017
591254
591546
591845
592160
593439
594020
594430
594942
595380
595839
596210
596572
596958
597279
597666
598176
598687
599472
600620
601377
601567
601761
602295
602878
603063
603321
603997
604735
605977
606155
606286
606425
606589
606748
606902
607053
607221
607416
607531
607842
608352
608801
609244
609567
609982
610400
610800
611230
611645
612063
612527
612899
613344
613738
614139
614626
615038
615548
616079
616079
616445
616894
617405
617826
618274
618656
619042
619423
619806
620189
620539
620921
621342
621728
622035
622430
622748
623134
623580
623934
624352
624777
625215
625576
626078
626557
626972
627326
627806
628221
628540
629024
629486
629855
630247
630689
631199
631548
632025
632443
632895
633244
633758
634401
634798
635230
635635
636062
636510
636899
637374
637865
638271
638754
639264
