-5  -5  -5  -5  -5  -5  -5  -5  -5  -5
-5  -5  -5  -5  -5  -5  -5  -5  -5  -5
-5  -5  -5  -5  -5  -5  -5  -5  -5  -5
-5  -5  -5  -5  -5  -5  -5  -5  -5  -5
-5  -5  -5  -5  -5  -5  -5  -5  -5  -5
-5  -5  -5  -5  -5  -5  -5  -5  -5  -5
-5  -5  -5  -5  -5  -5  -5  -5  -5  -5
-5  -5  -5  -5  -5  -5  -5  -5  -5  -5
-5  -5  -5  -5  -5  -5  -5  -5  -5  -5
-5  -5  -5  -5  -5  -5  -5  -5  -5  -5
-5  -5  -5  -5  -5  -5  -5  -5  -5  -5
-5  -5  -5  -5  -5  -5  -5  -5  -5  -5
-5  -5  -5  -5  -5  -5  -5  -5  -5  -5
-5  -5  -5  -5  -5  -5  -5  -5  -5  -5
-5  -5  -5  -5  -5  -5  -5  -5  -5  -5
-5  -5  -5  -5  -5  -5  -5  -5  -5  -5
-5  -5  -5  -5  -5  -5  -5  -5  -5  -5
-5  -5  -5  -5  -5  -5  -5  -5  -5  -5
-5  -5  -5  -5  -5  -5  -5  -5  -5  -5
-5  -5  -5  -5  -5  -5  -5  -5  -5  -5
-5  -5  -5  -5  -5  -5  -5  -5  -5  -5
-5  -5  -5  -5  -5  -5  -5  -5  -5  -5
-5  -5  -5  -5  -5  -5  -5  -5  -5  -5
-5  -5  -5  -5  -5  -5  -5  -5  -5  -5
-5  -5  -5  -5  -5  -5  -5  -5  -5  -5
-5  -5  -5  -5  -5  -5  -5  -5  -5  -5
-5  -5  -5  -5  -5  -5  -5  -5  -5  -5
-5  -5  -5  -5  -5  -5  -5  -5  -5  -5
-5  -5  -5  -5  -5  -5  -5  -5  -5  -5
-5  -5  -5  -5  -5  -5  -5  -5  -5  -5
-5  -5  -5  -5  -5  -5  -5  -5  -5  -5
-5  -5  -5  -5  -5  -5  -5  -5  -5  -5
-5  -5  -5  -5  -5  -5  -5  -5  -5  -5
-5  -5  -5  -5  -5  -5  -5  -5  -5  -5
-5  -5  -5  -5  -5  -5  -5  -5  -5  -5
-5  -5  -5  -5  -5  -5  -5  -5  -5  -5
-5  -5  -5  -5  -5  -5  -5  -5  -5  -5
-5  -5  -5  -5  -5  -5  -5  -5  -5  -5
-5  -5  -5  -5  -5  -5  -5  -5  -5  -5
-5  -5  -5  -5  -5  -5  -5  -5  -5  -5
-5  -5  -5  -5  -5  -5  -5  -5  -5  -5
-5  -5  -5  -5  -5  -5  -5  -5  -5  -5
-5  -5  -5  -5  -5  -5  -5  -5  -5  -5
-5  -5  -5  -5  -5  -5  -5  -5  -5  -5
-5  -5  -5  -5  -5  -5  -5  -5  -5  -5
-5  -5  -5  -5  -5  -5  -5  -5  -5  -5
-5  -5  -5  -5  -5  -5  -5  -5  -5  -5
-5  -5  -5  -5  -5  -5  -5  -5  -5  -5
-5  -5  -5  -5  -5  -5  -5  -5  -5  -5
-5  -5  -5  -5  -5  -5  -5  -5  -5  -5
-5  -5  -5  -5  -5  -5  -5  -5  -5  -5
-5  -5  -5  -5  -5  -5  -5  -5  -5  -5
-5  -5  -5  -5  -5  -5  -5  -5  -5  -5
-5  -5  -5  -5  -5  -5  -5  -5  -5  -5
-5  -5  -5  -5  -5  -5  -5  -5  -5  -5
-5  -5  -5  -5  -5  -5  -5  -5  -5  -5
-5  -5  -5  -5  -5  -5  -5  -5  -5  -5
-5  -5  -5  -5  -5  -5  -5  -5  -5  -5
-5  -5  -5  -5  -5  -5  -5  -5  -5  -5
-5  -5  -5  -5  -5  -5  -5  -5  -5  -5
-5  -5  -5  -5  -5  -5  -5  -5  -5  -5
-5  -5  -5  -5  -5  -5  -5  -5  -5  -5
-5  -5  -5  56  -5  -5  -5  -5  -5  -5
-5  -5  -5  -5  -5  -5  -5  -5  -5  -5
-5  -5  -5  -5  -5  -5  -5  -5  -5  -5
-5  -5  -5  -5  -5  -5  -5  -5  -5  -5
-5  -5  -5  -5  -5  -5  -5  -5  -5  -5
-5  -5  57  -5  -5  -5  -5  -5  -5  -5
-5  -5  -5  -5  -5  -5  -5  -5  -5  -5
-5  -5  -5  -5  -5  -5  -5  -5  -5  -5
-5  -5  -5  -5  -5  -5  -5  -5  199  -5
-5  -5  57  -5  -5  -5  -5  -5  -5  -5
-5  -5  -5  -5  -5  178  -5  -5  -5  -5
-5  -5  60  57  -5  -5  -5  416  -5  -5
-5  -5  58  -5  418  420  216  57  336  -5
-5  -5  -5  117  56  -5  -5  -5  -5  -5
397  -5  -5  -5  319  -5  -5  -5  -5  -5
-5  -5  -5  -5  -5  -5  -5  -5  -5  -5
-5  -5  -5  -5  -5  -5  -5  -5  -5  -5
-5  -5  -5  -5  -5  -5  -5  -5  -5  -5
-5  -5  -5  -5  -5  -5  -5  -5  -5  -5
-5  -5  -5  -5  -5  -5  -5  -5  -5  -5
-5  -5  -5  -5  -5  -5  -5  -5  -5  -5
-5  -5  -5  -5  -5  -5  -5  -5  -5  -5
-5  -5  -5  -5  -5  -5  -5  -5  -5  -5
-5  -5  -5  -5  -5  -5  -5  -5  -5  -5
-5  -5  -5  -5  -5  56  -5  -5  -5  -5
-5  -5  -5  -5  -5  -5  -5  -5  -5  -5
-5  -5  -5  -5  -5  -5  -5  -5  -5  -5
338  -5  340  -5  279  298  -5  -5  -5  -5
-5  -5  -5  -5  -5  -5  -5  -5  -5  -5
-5  -5  -5  -5  -5  300  136  58  -5  -5
-5  -5  -5  -5  -5  296  437  357  336  378
-5  -5  -5  -5  -5  -5  298  -5  -5  359
420  378  338  338  -5  359  176  -5  -5  260
-5  -5  -5  -5  -5  -5  -5  -5  -5  -5
-5  -5  -5  -5  -5  -5  298  359  397  420
357  -5  380  399  378  397  -5  -5  -5  439
-5  -5  -5  -5  -5  380  500  -5  397  378
-5  357  378  338  357  439  380  -5  420  220
-5  380  418  319  437  -5  359  418  277  460
319  416  399  418  418  -5  -5  479  -5  256
376  -5  -5  378  -5  359  359  359  399  -5
359  439  -5  59  500  -5  418  336  258  359
300  338  420  319  -5  -5  378  -5  458  277
338  298  298  378  319  58  439  296  317  -5
380  -5  340  -5  338  357  380  378  378  277
359  -5  57  380  -5  439  317  138  -5  -5
399  380  277  340  237  338  -5  136  420  -5
317  -5  460  479  399  500  -5  277  239  336
-5  420  298  378  500  380  439  420  -5  197
378  336  300  439  420  59  378  98  420  359
340  -5  -5  258  399  378  460  296  216  296
338  -5  218  319  -5  399  380  479  256  319
136  500  258  178  380  399  420  -5  298  399
-5  439  -5  298  -5  258  418  458  298  -5
399  479  418  -5  378  378  399  399  317  359
57  218  460  460  399  399  399  376  460  298
399  -5  399  -5  500  458  359  380  277  420
319  -5  -5  258  380  -5  399  -5  319  258
418  -5  460  418  239  479  -5  277  300  296
-5  218  -5  -5  -5  277  119  178  220  117
119  56  119  239  237  -5  -5  340  117  460
-5  399  -5  -5  340  357  439  378  359  -5
460  -5  -5  338  439  317  399  -5  439  317
359  96  479  -5  460  420  420  298  357  399
-5  298  239  340  460  -5  340  -5  399  -5
378  -5  338  460  380  460  -5  319  399  -5
-5  279  357  439  338  -5  296  197  298  420
-5  -5  277  277  418  458  378  439  479  378
-5  399  357  -5  296  460  298  -5  460  -5
439  -5  500  340  199  319  460  277  279  460
359  359  418  380  -5  420  -5  -5  380  460
-5  380  -5  338  380  -5  -5  298  359  359
-5  277  338  277  298  258  279  439  336  -5
338  420  258  -5  460  237  298  -5  479  79
460  260  439  296  218  500  -5  378  -5  359
-5  359  -5  357  319  460  317  479  399  397
399  -5  418  460  298  420  399  -5  500  420
418  317  500  439  500  420  159  399  378  479
279  439  338  380  359  420  376  420  439  378
298  418  458  399  380  -5  439  -5  300  357
399  378  458  460  -5  380  340  378  500  -5
378  376  380  420  359  359  420  399  437  500
437  359  380  439  460  399  418  -5  340  458
378  439  460  340  439  359  439  319  500  -5
-5  340  -5  420  380  420  479  279  359  500
399  420  418  416  -5  418  420  399  500  439
479  397  458  420  298  -5  359  -5  420  399
479  500  300  380  418  359  -5  460  418  359
500  317  399  -5  399  399  479  380  420  359
479  359  460  399  439  418  399  359  420  420
439  359  319  420  439  338  296  279  460  479
256  -5  98  380  359  359  418  359  -5  237
460  378  340  -5  380  380  319  378  397  439
399  399  317  460  -5  239  378  420  298  420
-5  359  380  79  460  -5  460  -5  460  420
336  460  317  500  298  319  460  397  500  319
420  359  420  479  399  376  420  380  460  300
380  437  439  279  378  418  298  399  458  336
500  359  460  319  340  380  399  418  420  439
460  319  460  359  420  376  359  378  340  460
439  378  420  500  258  359  -5  439  460  256
460  479  439  439  279  378  418  -5  479  338
340  378  -5  479  359  319  319  399  399  399
338  -5  399  -5  378  380  420  500  239  -5
460  378  380  397  420  378  420  300  460  420
439  338  460  -5  458  258  479  500  437  479
380  380  460  380  378  399  180  380  378  380
378  460  500  460  298  460  277  420  399  479
420  380  420  378  277  279  460  317  460  439
359  439  458  380  359  479  399  418  338  458
439  357  218  500  460  420  500  500  399  380
420  460  439  479  439  399  439  479  399  399
479  439  399  439  479  439  460  460  380  418
500  439  500  380  479  439  437  500  500  399
420  500  500  460  479  460  -5  420  479  500
338  439  338  319  458  296  399  479  500  458
500  460  500  420  500  399  479  500  340  500
420  359  298  460  500  500  260  500  420  479
439  420  439  500  460  460  460  420  -5  439
399  479  338  418  380  399  439  357  420  420
420  357  479  380  380  460  479  479  340  439
479  500  439  500  500  418  458  359  460  500
399  420  319  260  460  359  399  458  420  420
319  500  399  500  460  439  479  439  399  439
460  500  420  460  500  420  420  317  439  296
420  500  437  399  420  479  439  420  460  479
460  439  479  479  380  500  399  380  460  420
500  460  460  439  479  420  399  439  378  357
-5  460  479  460  378  380  460  500  460  420
500  439  479  380  359  439  418  439  420  319
437  479  439  399  336  378  460  500  479  500
500  479  458  479  378  380  460  500  479  479
-5  399  460  418  420  500  359  460  479  460
399  479  359  500  399  439  -5  500  439  479
-5  399  500  439  418  460  458  399  460  500
437  -5  399  -5  458  460  460  376  418  479
397  420  439  420  420  479  500  439  279  439
460  500  380  340  460  420  460  416  359  418
460  460  420  380  418  500  439  399  258  500
479  -5  439  420  420  420  420  460  500  399
500  460  418  359  420  340  500  279  500  420
500  220  439  380  460  279  460  399  460  260
479  460  460  479  399  460  338  460  460  298
399  479  357  460  500  500  399  420  399  460
479  500  460  479  500  300  397  460  460  380
439  418  319  500  420  399  458  397  418  479
460  439  500  399  -5  460  500  338  420  460
378  500  420  460  479  500  500  296  399  439
258  500  439  418  378  439  420  479  399  500
-5  479  500  399  420  500  399  439  500  380
418  500  460  399  460  420  460  439  378  439
500  460  460  418  357  439  460  460  420  418
500  418  359  460  479  460  397  439  380  378
460  439  460  338  437  378  380  500  439  479
439  460  439  458  418  420  460  399  479  399
460  479  460  -5  458  420  500  338  399  397
460  479  458  380  458  418  418  397  420  460
479  460  460  338  479  418  399  420  380  439
460  460  500  340  479  397  500  500  359  479
460  458  439  460  460  500  380  399  338  500
378  439  437  399  439  298  338  399  300  500
399  359  439  500  458  380  500  399  500  420
500  460  -5  439  439  500  399  439  420  479
380  439  420  380  500  420  479  380  460  458
380  359  439  439  420  460  418  500  458  418
420  500  239  380  439  340  479  460  359  338
420  340  500  378  340  460  479  399  380  359
500  439  340  439  479  399  458  418  458  439
380  378  420  479  500  500  479  439  359  460
378  500  479  500  500  -5  420  420  500  300
399  420  460  500  479  500  479  460  357  479
-5  460  -5  439  500  399  378  439  378  460
500  279  439  479  439  500  479  460  479  439
420  439  500  460  378  439  340  460  460  420
399  460  420  399  460  420  439  460  439  500
460  420  338  460  317  460  418  420  458  500
420  380  500  338  460  418  460  399  500  460
380  479  340  439  500  340  -5  399  500  380
479  460  500  340  500  460  420  437  420  500
458  279  500  460  399  460  378  500  418  439
460  460  300  418  340  479  420  460  458  439
500  420  439  460  479  460  460  479  439  319
460  479  460  298  439  418  420  399  380  460
399  380  460  460  418  380  460  420  500  378
500  439  378  458  460  500  479  460  399  439
399  399  439  380  378  376  420  500  380  460
500  460  460  359  418  500  439  460  479  340
479  479  420  460  -5  500  439  460  418  399
460  420  -5  500  460  500  420  460  420  439
460  340  439  500  458  439  439  500  420  376
460  479  500  420  399  479  500  420  460  500
338  460  420  300  176  -5  399  420  500  460
500  460  300  460  460  458  479  500  460  460
338  -5  460  460  420  460  420  500  458  460
439  380  420  479  460  439  460  458  380  460
420  479  458  380  460  439  399  399  357  437
357  418  420  418  439  500  439  460  437  500
460  279  479  298  439  439  458  397  338  460
500  439  380  359  500  439  319  500  -5  500
300  420  439  380  397  418  378  359  380  460
460  420  460  -5  479  340  500  500  479  420
420  460  460  460  359  500  458  420  317  340
399  500  439  439  479  458  -5  500  460  420
460  359  380  359  500  420  439  479  460  460
460  500  458  479  460  317  479  479  420  500
439  500  500  319  380  500  420  460  500  439
479  439  420  479  458  359  439  338  258  399
420  357  500  378  359  500  420  500  500  479
420  439  500  460  399  460  460  500  439  378
460  420  460  460  500  479  460  460  439  460
458  500  420  500  460  380  479  460  479  418
359  458  500  420  460  420  399  500  500  418
-5  460  460  460  338  500  500  479  500  420
460  397  338  380  380  418  500  439  460  420
500  460  420  340  460  277  500  500  439  460
380  420  340  500  298  418  500  479  418  380
500  479  479  338  500  -5  380  420  418  479
439  500  460  420  319  479  500  500  479  298
319  439  359  458  500  460  460  479  500  500
500  460  500  277  380  500  359  399  500  460
500  439  439  479  460  378  439  458  317  479
439  418  500  420  460  500  460  460  359  399
500  479  420  479  500  439  380  439  359  380
479  500  319  319  439  319  500  460  380  479
460  399  418  458  460  460  380  460  319  479
439  319  460  460  500  500  420  500  460  340
418  460  420  399  500  378  258  458  439  338
500  319  479  500  460  338  420  500  399  418
500  420  458  439  380  420  500  439  500  458
378  418  460  479  418  460  460  317  479  460
420  439  380  460  420  460  420  479  439  479
500  338  439  460  399  460  500  479  237  500
479  399  460  500  500  399  500  500  420  500
420  420  378  418  460  378  500  378  500  439
437  218  460  380  439  500  399  500  460  460
420  460  420  479  479  399  479  399  479  458
500  399  420  460  479  460  359  458  418  479
397  460  338  460  418  500  399  460  399  500
420  439  319  420  500  319  479  460  500  420
479  420  479  439  439  479  479  479  359  439
479  420  439  399  479  500  500  460  460  500
500  460  500  500  298  479  460  418  439  439
500  380  380  418  397  479  359  460  399  378
340  458  479  420  300  460  500  458  500  336
460  340  439  500  380  500  439  420  479  399
500  500  420  418  420  378  420  479  359  420
460  340  500  420  420  418  439  420  500  319
418  479  479  460  340  460  399  420  458  420
439  500  500  420  420  338  439  479  479  479
460  500  500  260  500  460  399  458  500  298
500  500  439  479  479  460  439  479  460  420
420  439  380  500  439  439  460  380  340  500
319  378  399  479  458  460  479  399  460  420
460  340  460  479  399  460  298  500  319  460
340  458  378  439  418  500  378  279  479  380
399  479  479  500  418  500  338  500  500  460
340  439  460  460  420  399  439  399  500  399
418  418  439  439  399  439  -5  298  460  479
397  420  500  479  380  500  460  420  399  500
218  439  380  420  460  458  338  340  380  359
439  279  399  479  319  439  460  277  439  420
500  300  380  418  479  399  460  418  338  397
380  359  460  500  460  380  500  479  378  500
500  437  479  460  418  500  399  -5  500  378
439  460  317  399  399  439  399  439  380  458
340  378  479  500  399  500  479  479  420  500
277  500  500  500  439  399  359  420  399  439
500  500  319  420  500  500  399  380  380  378
479  439  340  479  479  420  338  439  439  399
479  479  380  460  500  439  479  460  380  420
420  340  500  439  260  479  399  340  439  500
479  420  460  439  359  479  439  420  359  500
479  319  437  380  439  378  460  479  439  479
479  359  420  397  460  500  378  500  439  479
420  460  479  479  479  460  420  460  479  380
418  439  479  460  399  420  479  500  479  500
420  420  378  359  359  500  378  418  479  479
380  420  399  500  380  319  357  500  100  439
439  420  380  420  500  340  460  479  359  500
500  460  500  399  439  439  420  500  500  500
439  399  340  500  458  479  479  458  380  399
439  359  458  500  479  458  418  500  500  500
380  420  500  460  460  399  420  439  500  500
260  500  340  460  460  500  418  500  340  340
439  439  460  378  479  359  479  500  479  399
439  397  418  258  460  420  378  439  460  500
500  437  399  460  420  319  420  338  500  479
376  458  319  460  359  460  439  399  357  439
500  418  479  460  460  460  500  439  500  460
460  380  397  458  -5  479  460  479  479  420
500  380  359  420  458  479  500  357  439  378
460  340  460  378  359  359  500  460  460  460
500  359  458  420  397  378  460  460  460  439
380  439  439  399  338  500  336  439  500  460
500  479  460  460  500  319  380  500  340  378
439  340  479  418  380  500  500  359  420  317
460  378  500  439  420  399  420  479  357  359
359  500  460  -5  399  -5  479  420  439  378
479  439  500  500  458  460  439  500  500  399
420  500  460  380  380  359  500  399  460  500
439  420  -5  378  399  439  479  460  397  500
439  319  460  420  500  -5  500  397  500  479
500  378  418  378  439  439  500  420  -5  420
500  460  -5  357  399  500  479  500  479  500
479  437  279  460  439  460  439  458  500  479
397  460  500  357  479  479  460  359  439  380
500  460  460  380  418  500  420  500  439  479
479  420  479  460  359  439  420  338  500  479
458  500  399  439  458  500  319  460  500  460
460  378  500  338  418  399  420  479  319  397
479  319  479  439  378  439  479  460  359  359
460  399  479  420  399  397  460  460  439  500
479  460  399  500  460  420  418  479  479  479
420  500  380  479  500  500  500  359  319  420
380  479  319  420  439  479  500  460  460  399
500  460  500  399  418  420  378  418  420  439
439  460  500  420  -5  500  500  439  479  500
500  458  500  378  420  439  359  460  -5  399
500  439  439  237  418  399  220  420  380  439
317  359  420  439  420  439  439  439  500  479
460  439  500  479  500  359  420  439  420  378
460  500  460  399  380  500  500  460  319  418
420  420  500  439  418  420  336  479  338  420
359  439  420  460  399  460  500  439  298  399
458  399  479  460  399  439  460  380  460  460
500  380  458  418  500  399  418  399  460  500
479  479  399  500  420  460  500  420  439  378
399  380  439  399  277  418  420  399  479  439
420  397  380  338  380  359  378  420  399  500
500  500  479  500  399  500  458  399  460  420
399  418  439  298  460  439  460  479  340  500
500  458  460  380  460  479  460  439  500  399
500  359  399  460  460  439  439  500  500  460
460  420  458  399  479  418  397  460  500  399
420  338  460  420  500  260  -5  399  460  439
460  418  460  479  500  500  460  439  479  439
479  399  500  399  378  378  399  500  420  458
378  359  500  420  380  359  399  460  479  460
479  420  439  479  479  399  319  500  399  458
380  380  500  439  300  500  460  479  460  458
460  500  359  458  479  500  439  500  479  420
298  460  340  500  500  479  420  399  378  439
500  458  500  380  500  479  340  458  420  420
439  479  439  378  399  460  500  399  378  378
479  460  460  460  479  336  500  439  420  380
378  460  300  479  420  380  378  399  500  460
380  479  378  500  399  460  378  500  500  380
439  479  418  479  458  500  319  479  500  439
317  378  460  420  399  460  479  500  338  460
460  500  500  439  298  300  500  479  420  399
460  460  397  460  439  500  298  380  399  380
500  357  420  500  418  319  460  439  460  319
439  418  500  439  319  458  500  460  479  439
458  500  479  439  458  439  479  399  338  260
500  378  418  439  420  359  458  479  420  418
500  399  359  359  420  460  460  380  399  378
420  399  479  500  500  418  399  439  500  500
359  397  500  500  460  340  479  500  458  -5
380  260  439  460  380  418  500  500  380  460
298  460  399  500  500  439  500  378  399  317
439  479  420  479  460  437  357  458  479  500
380  460  460  460  418  479  460  420  420  460
500  380  458  439  399  460  460  399  479  479
359  479  418  380  420  460  460  418  500  460
378  500  439  460  460  439  399  479  378  500
500  397  420  439  500  460  479  439  500  500
460  359  479  460  399  479  479  380  359  359
399  439  460  420  439  500  479  500  460  500
357  479  420  500  -5  439  500  479  479  359
420  479  500  439  380  500  380  479  279  479
376  399  460  418  460  399  439  357  380  380
338  420  458  439  380  420  357  460  500  399
460  437  340  399  500  399  380  439  359  500
479  460  500  479  479  479  500  420  479  298
138  460  380  418  359  420  399  460  460  418
420  359  500  479  500  460  399  500  319  500
439  420  420  418  460  500  319  439  380  319
439  479  479  397  420  439  359  458  479  439
439  439  460  420  399  500  500  458  420  439
420  479  359  458  500  399  460  380  500  500
378  359  399  500  460  359  380  399  439  439
420  479  479  420  479  500  439  479  460  439
460  500  460  500  399  359  460  340  460  319
500  500  340  460  479  399  460  439  460  500
460  458  479  439  500  460  439  460  439  439
418  420  500  500  397  460  399  359  500  500
399  439  460  500  359  420  460  317  500  500
500  500  460  479  340  500  479  336  458  458
500  380  439  500  420  460  399  439  380  399
458  420  500  460  500  420  460  460  460  399
479  460  460  378  500  399  439  439  439  500
500  479  500  420  500  439  399  378  439  460
460  460  378  399  479  420  479  378  439  479
378  439  -5  399  460  500  460  439  399  279
500  420  418  460  479  479  500  420  437  460
380  378  338  380  479  439  479  460  439  380
460  340  500  439  420  220  500  380  500  500
399  437  500  500  380  420  460  479  479  420
418  500  399  380  479  300  479  420  458  460
298  378  420  418  500  500  460  460  458  439
420  500  399  399  460  420  439  340  500  460
460  458  399  458  500  460  500  439  460  420
500  479  458  479  479  460  439  420  418  -5
439  460  500  420  378  380  399  479  418  380
397  458  479  439  437  420  479  460  439  420
479  378  439  460  479  258  479  399  500  500
380  458  460  460  359  439  340  500  340  500
420  479  500  338  380  500  319  500  420  460
479  378  460  418  479  399  460  439  500  460
399  319  500  479  479  359  399  458  479  479
500  357  359  420  500  479  439  418  479  399
479  500  460  500  439  420  500  479  439  479
399  460  479  420  397  460  500  279  479  399
460  378  479  479  500  500  418  420  479  460
420  378  399  439  359  420  479  500  500  399
380  378  500  420  479  380  439  380  418  439
418  500  479  380  439  359  420  479  437  460
460  439  380  340  439  479  460  500  479  437
380  357  458  500  458  380  479  439  420  479
460  500  460  500  420  340  378  439  439  460
439  420  479  500  399  460  439  479  380  479
460  479  380  500  380  439  500  460  500  399
439  479  479  458  500  500  300  460  399  439
500  439  420  420  500  399  359  479  380  397
420  479  418  500  420  460  500  418  460  399
479  460  399  399  500  439  500  458  420  458
500  437  500  439  420  439  460  500  319  399
460  460  399  418  399  380  460  439  359  420
439  460  460  319  380  439  479  460  439  296
359  479  479  460  359  399  439  359  420  399
420  380  437  418  399  -5  420  380  418  479
157  439  378  479  460  420  500  380  380  458
420  500  397  500  279  439  500  399  479  458
500  500  399  500  500  479  378  500  319  479
460  380  359  340  380  460  399  399  359  399
460  500  378  399  460  458  399  479  460  439
399  418  458  418  380  178  437  439  399  319
260  399  479  479  420  460  420  319  460  359
439  399  439  418  399  439  359  380  420  479
500  420  439  479  378  500  420  359  460  500
460  460  300  418  479  460  399  479  340  500
500  479  439  500  418  338  378  399  437  380
460  500  378  460  439  460  378  479  420  376
319  460  418  380  439  319  399  460  479  460
418  338  380  439  439  460  420  479  460  380
460  479  458  500  416  500  439  420  298  420
500  460  460  500  458  460  359  460  460  458
439  420  460  420  439  460  460  399  500  277
500  437  380  397  460  420  298  378  378  399
500  378  500  359  500  -5  458  500  378  479
460  479  460  338  460  420  399  500  460  359
500  378  460  399  418  460  298  420  479  460
479  500  399  338  460  380  479  420  460  460
500  420  357  420  359  500  420  479  500  439
420  439  479  60  199  319  140  399  420  500
500  317  460  340  319  420  399  378  380  420
500  479  399  500  399  439  420  460  399  460
458  399  460  500  500  439  378  500  420  460
399  420  420  460  420  420  479  420  359  399
479  378  420  418  418  460  -5  439  420  460
500  380  420  439  460  378  437  458  460  479
460  479  460  500  416  500  500  399  460  359
460  460  420  397  439  418  439  439  279  460
420  500  460  397  500  479  479  340  420  479
220  458  340  460  338  460  420  399  479  460
479  439  439  460  500  380  420  460  439  500
460  460  420  399  458  439  399  277  439  380
420  500  317  418  460  340  460  380  460  439
420  439  479  420  500  439  500  479  380  500
500  458  460  418  439  479  500  479  500  500
439  399  479  500  500  458  439  399  500  359
439  479  439  460  479  420  460  479  460  479
500  460  420  460  460  458  380  418  399  458
458  397  479  277  380  458  378  359  500  460
458  439  460  380  479  458  479  380  460  500
500  437  418  380  298  437  500  479  500  439
420  399  500  420  460  439  359  460  439  378
439  500  378  479  437  500  397  460  439  399
439  460  460  460  460  418  418  420  380  378
380  418  439  460  439  500  500  260  298  500
359  460  439  479  439  380  460  399  458  -5
357  380  479  460  380  439  420  380  420  336
460  479  399  439  420  399  439  500  319  458
500  420  500  439  500  439  359  500  479  460
399  500  460  460  439  479  479  399  399  420
439  439  439  500  399  439  359  418  479  298
420  500  500  439  500  439  460  439  500  500
458  340  340  479  420  460  420  460  479  420
500  460  500  418  338  378  338  380  317  439
500  439  420  439  399  479  460  500  279  500
460  399  500  439  460  399  439  479  458  437
439  458  439  479  258  500  437  460  378  479
460  359  420  399  458  277  458  420  479  439
420  479  439  439  479  420  458  138  399  376
359  458  500  479  479  418  500  420  380  340
420  357  399  479  500  479  500  439  418  479
420  458  460  279  357  380  500  437  500  399
300  500  277  479  458  420  437  399  460  460
460  460  500  460  500  359  359  376  439  460
378  458  399  500  359  420  458  460  420  418
479  460  399  418  317  479  460  439  397  378
439  279  439  399  479  340  439  479  439  418
460  439  399  420  439  399  439  479  420  359
460  460  479  319  479  359  420  -5  420  479
460  500  439  380  418  340  378  439  -5  460
378  399  319  420  418  439  418  500  439  460
460  500  479  -5  500  460  359  420  380  -5
420  418  378  479  479  439  420  479  460  439
500  479  420  418  420  500  458  378  500  479
359  500  479  357  460  460  500  420  -5  380
420  460  458  460  439  420  500  479  439  399
500  500  500  458  378  359  420  439  338  319
500  420  418  439  500  500  418  500  420  500
420  500  460  460  380  500  380  500  380  437
399  380  439  420  500  479  420  296  420  258
500  380  420  439  399  420  359  460  458  420
460  460  439  439  378  397  399  500  399  460
460  439  500  460  378  500  380  418  439  500
439  437  458  500  439  378  458  416  319  500
460  420  479  380  380  500  439  458  420  420
319  460  500  319  460  399  458  439  359  399
439  460  439  380  479  418  479  399  418  500
460  399  439  420  479  479  439  399  439  500
399  420  460  460  439  397  479  479  500  479
479  378  460  380  500  500  380  500  437  380
359  458  439  439  458  399  439  378  439  439
460  418  420  500  378  500  460  458  479  500
439  479  460  439  460  479  256  458  479  500
380  378  479  500  500  479  500  439  399  458
479  317  399  418  500  439  458  319  420  460
380  338  420  460  359  460  420  199  399  359
460  439  439  420  500  479  460  340  500  418
437  460  418  439  420  479  479  418  458  458
460  399  439  359  420  420  439  460  420  460
500  460  399  380  500  260  458  479  479  359
479  500  500  399  460  399  420  479  460  420
458  458  399  397  399  359  378  420  338  500
500  420  378  460  500  399  460  279  500  378
479  500  439  460  340  460  399  260  500  460
397  380  420  338  479  458  460  479  479  460
439  380  338  399  479  439  420  359  340  420
460  479  420  380  460  460  500  500  458  439
420  479  357  380  399  378  399  359  439  420
399  399  460  439  420  357  359  460  359  420
420  479  378  380  500  500  479  500  420  460
500  420  359  380  479  500  500  500  439  397
439  399  460  479  458  458  439  380  418  439
439  460  479  439  479  460  416  479  500  458
298  460  460  460  460  380  479  420  500  500
460  420  460  500  500  439  479  460  500  338
460  460  460  460  500  460  500  460  458  380
338  439  319  439  500  317  380  479  439  319
399  460  460  380  500  378  420  378  420  500
458  479  479  380  420  359  458  458  338  460
439  300  500  359  500  500  378  378  460  460
500  460  458  439  500  500  500  500  359  458
359  340  500  460  420  420  500  500  220  500
458  399  439  479  500  359  399  399  500  359
458  500  479  479  439  437  479  500  500  458
500  437  420  380  399  420  380  378  500  500
399  500  460  500  380  399  458  357  500  399
439  500  439  460  500  500  378  500  460  359
420  399  420  420  439  378  500  479  439  500
439  439  380  500  420  460  460  479  378  460
418  439  420  439  437  420  500  500  319  460
460  479  399  359  458  500  439  420  399  460
399  399  380  378  439  357  500  418  340  378
500  479  319  460  420  420  420  359  500  359
460  460  439  380  399  399  420  439  418  298
460  460  460  380  479  399  460  460  500  399
460  378  458  418  439  479  399  420  437  359
418  439  500  420  439  500  399  418  399  359
418  378  458  439  399  420  439  338  500  420
460  500  460  420  437  479  458  380  420  458
-5  439  399  319  500  359  500  439  460  439
380  460  460  460  479  500  420  458  418  500
399  -5  479  500  439  460  460  418  399  479
420  298  439  500  397  420  420  439  418  378
500  357  418  439  399  399  420  378  500  399
378  479  439  479  460  399  378  460  399  479
399  397  460  399  338  460  479  437  500  500
500  460  378  500  439  479  399  159  439  359
239  479  500  500  300  500  460  -5  380  460
359  418  500  460  357  319  418  437  500  460
460  420  458  500  279  439  378  500  460  500
418  359  460  460  340  418  378  439  460  500
300  479  479  420  458  460  380  500  439  460
439  420  380  437  460  460  500  458  359  500
298  376  439  460  479  460  500  500  378  460
439  420  338  439  380  458  500  500  420  460
500  500  439  458  439  359  420  460  399  239
420  458  500  460  460  479  479  277  420  439
399  439  500  500  359  460  500  500  420  319
500  500  399  439  420  439  399  500  479  460
479  239  500  279  460  420  319  399  460  439
420  500  439  378  399  -5  420  319  500  460
420  500  500  420  258  479  479  479  500  359
479  420  380  460  439  479  340  500  399  380
420  359  439  460  479  439  479  420  420  359
479  378  439  420  460  500  418  460  479  277
500  420  479  439  500  399  500  420  420  500
420  380  340  -5  479  460  420  460  439  500
500  439  399  439  479  439  439  399  460  500
399  460  380  418  460  319  378  399  500  439
340  397  479  439  437  460  500  500  500  437
376  460  439  500  357  359  399  420  460  500
458  298  439  439  439  500  437  500  439  357
439  479  500  340  460  420  260  460  479  460
420  460  479  460  380  479  500  340  460  397
460  399  460  460  500  500  399  420  338  500
420  460  439  439  479  -5  418  378  298  460
479  359  479  399  359  460  340  479  399  359
420  340  460  439  418  359  380  500  458  500
338  420  420  439  399  399  378  420  380  460
479  418  500  380  380  439  380  420  458  479
420  420  458  298  439  439  479  420  399  439
500  460  399  418  479  479  420  -5  460  399
439  460  420  399  380  399  500  500  378  380
439  359  359  500  399  460  420  500  479  359
500  460  359  439  420  439  380  458  420  418
460  420  319  458  340  460  279  338  500  420
378  500  460  479  399  460  439  399  458  479
500  479  500  380  380  359  420  420  479  420
460  378  420  460  500  460  458  399  397  500
458  479  479  479  418  479  500  439  479  338
460  460  500  399  460  420  460  399  479  418
380  460  479  420  418  359  397  359  458  359
460  458  479  420  500  418  418  458  420  439
500  420  500  500  500  380  500  460  380  460
500  460  439  500  399  500  420  500  420  380
399  479  418  420  460  500  439  479  500  420
418  460  418  399  479  460  460  460  420  479
500  500  500  279  500  500  479  479  479  500
418  460  460  420  420  460  340  500  479  317
336  460  359  439  460  380  439  458  378  460
458  340  479  340  399  439  479  500  460  500
479  437  460  420  359  420  500  380  439  359
336  479  479  378  378  439  479  378  399  338
500  500  479  319  439  500  399  458  500  319
458  460  500  479  500  460  418  399  439  279
458  420  460  500  420  420  357  479  420  500
460  500  439  479  500  340  479  420  420  500
319  460  319  500  460  420  460  359  500  460
460  460  378  399  460  500  420  319  399  420
399  500  439  420  500  399  500  500  458  500
279  460  460  399  439  500  479  479  460  418
418  439  460  420  500  439  420  399  420  500
479  500  338  439  418  500  418  359  460  399
500  479  479  317  439  420  458  437  380  420
460  420  460  399  420  399  458  458  279  460
500  460  500  460  479  439  460  500  399  460
500  500  460  319  479  460  460  380  500  338
378  300  479  420  378  378  399  439  439  420
359  439  439  279  460  460  479  380  439  378
338  380  460  378  399  460  460  380  418  458
359  420  420  420  420  458  479  420  319  380
500  479  397  460  340  319  439  420  500  378
500  439  420  479  378  479  380  319  458  479
460  460  460  460  439  460  460  338  460  418
418  220  420  439  418  399  420  479  500  460
460  418  340  420  399  378  399  458  439  399
420  439  319  460  500  397  439  500  378  420
300  420  458  399  460  420  458  357  338  460
460  399  500  439  460  256  460  380  420  439
378  439  218  460  500  399  418  439  420  418
359  500  460  460  460  439  479  479  420  378
418  420  418  439  458  380  500  378  460  460
460  460  399  460  338  420  420  439  439  460
500  378  439  460  460  500  439  399  439  479
500  378  460  418  460  420  439  380  399  418
479  479  378  460  260  460  378  479  439  420
500  479  500  460  420  460  397  439  500  479
420  500  500  500  500  500  500  500  479  399
359  460  340  399  500  460  460  439  399  359
460  500  439  418  420  439  380  500  439  500
500  378  439  460  500  500  256  479  420  380
418  340  479  376  359  277  500  319  460  380
460  359  460  420  399  399  340  439  479  418
460  500  376  460  460  460  439  460  479  338
439  460  439  479  458  439  439  500  397  399
439  338  420  500  420  376  479  420  460  338
439  500  378  397  418  378  359  340  479  500
380  500  399  460  460  500  500  460  378  418
458  479  298  359  399  458  460  460  420  439
418  420  399  500  399  500  458  418  380  378
500  418  439  460  439  380  500  418  458  460
479  479  460  500  439  420  500  380  460  359
418  237  357  500  399  460  460  500  460  -5
420  399  479  439  319  399  500  319  437  420
460  458  460  439  420  437  359  460  439  500
338  378  460  500  460  338  359  380  460  458
420  439  378  500  460  479  380  460  460  460
378  420  420  399  418  439  479  338  479  439
418  420  338  500  380  460  439  277  500  500
500  479  500  479  399  479  500  439  460  296
460  460  479  460  300  418  460  458  376  458
359  336  420  439  439  458  380  437  479  500
338  460  500  439  380  397  479  340  500  500
479  420  500  338  437  479  399  399  460  500
357  460  439  460  439  460  460  479  439  460
437  439  479  420  460  460  500  418  439  460
500  439  380  399  399  460  300  399  479  460
439  -5  460  460  420  418  298  500  300  460
439  500  380  460  460  479  319  460  460  359
359  458  500  380  500  439  399  460  378  380
479  420  359  479  420  439  359  439  460  460
399  380  479  479  460  439  399  458  460  460
460  378  420  380  479  359  500  479  380  420
479  479  439  378  397  420  399  500  420  399
479  500  418  500  399  458  439  500  439  460
420  460  479  378  420  458  460  420  460  439
439  378  500  479  479  340  479  479  399  500
500  460  420  479  500  439  439  420  439  420
460  500  420  500  500  420  439  376  460  439
479  376  399  479  479  500  460  479  359  399
418  500  460  500  399  460  479  460  399  458
418  439  500  260  460  460  500  399  439  500
458  399  460  460  460  500  420  479  500  460
359  439  458  460  460  420  418  378  420  338
439  340  418  460  458  399  479  500  460  418
418  420  420  500  479  460  479  500  479  420
279  437  500  439  399  399  458  420  340  458
380  357  460  357  500  500  460  500  420  479
399  420  338  420  500  460  439  460  319  460
460  220  300  399  439  380  479  500  500  460
-5  439  439  500  420  460  338  420  500  479
479  500  359  439  340  397  500  500  479  439
460  460  460  460  439  380  420  340  380  479
439  458  500  359  460  439  460  399  479  420
380  378  460  380  336  437  439  420  460  460
439  460  500  479  399  479  460  479  437  418
380  460  380  479  460  458  479  460  437  420
439  500  439  399  460  319  418  460  439  380
359  420  500  317  460  437  439  378  380  439
420  340  460  399  460  340  500  458  439  479
460  420  340  380  479  319  420  420  340  399
439  500  479  460  479  460  399  458  460  418
500  420  420  380  460  420  340  420  439  500
218  -5  399  378  418  439  439  500  439  460
380  298  418  500  439  500  397  479  380  420
340  418  439  500  420  500  298  500  460  439
378  420  500  439  420  378  439  460  500  500
399  340  500  399  418  378  460  357  460  380
500  380  418  420  338  439  479  359  500  420
359  479  319  399  359  399  338  357  460  458
500  439  479  378  340  460  458  460  338  458
399  439  380  500  500  439  359  359  399  458
500  220  239  479  500  439  420  479  460  500
458  340  500  500  338  500  420  338  359  420
418  338  460  439  460  420  460  439  460  460
439  460  439  460  298  418  378  -5  437  420
-5  380  418  380  479  380  340  460  500  397
420  338  359  500  479  460  380  460  458  500
500  479  500  319  460  380  399  460  397  460
418  479  418  458  418  460  460  420  460  460
500  458  439  298  460  380  479  439  460  420
458  338  418  500  439  479  460  460  479  460
460  439  439  500  317  300  298  460  439  359
420  399  340  439  399  458  420  460  359  479
397  437  460  500  357  479  399  500  420  460
500  460  500  458  460  359  439  460  479  418
500  500  460  439  500  418  460  359  418  399
420  460  500  418  420  460  359  460  418  460
420  458  460  439  500  500  418  500  378  399
460  399  420  380  418  460  500  439  460  460
359  380  439  439  399  500  479  500  439  298
340  460  500  439  479  439  359  479  380  420
439  397  420  359  500  399  460  500  298  340
500  460  460  460  399  399  439  439  378  380
380  500  500  479  500  500  500  460  319  460
340  439  500  378  418  399  340  500  460  500
359  500  439  500  479  420  500  500  420  418
420  500  479  378  458  479  319  479  420  399
460  399  439  399  439  420  420  420  500  500
399  300  479  460  340  399  399  500  418  420
420  420  500  399  500  439  458  420  500  460
500  420  500  420  357  439  380  -5  458  439
500  439  500  437  500  460  439  500  479  500
420  380  500  359  397  500  460  420  500  460
399  420  460  399  420  500  298  420  -5  338
439  439  439  458  479  479  500  437  460  418
418  420  399  500  460  460  460  439  357  479
479  420  439  420  460  380  460  458  399  399
420  418  439  500  380  399  500  479  439  479
359  460  439  340  500  500  460  439  460  458
439  479  479  378  420  500  500  418  378  500
479  479  500  479  437  420  460  418  420  460
479  399  500  460  439  458  420  460  460  258
500  399  479  380  319  479  500  500  418  439
439  479  460  479  479  460  418  399  458  460
458  500  500  458  479  340  460  500  317  420
460  460  460  460  460  319  439  359  420  460
319  479  399  479  380  420  458  399  479  460
460  460  420  340  479  460  399  380  439  439
458  460  479  479  340  460  439  420  380  399
420  439  420  380  399  479  359  460  439  439
439  439  460  460  317  399  420  500  479  420
439  460  399  460  338  378  460  500  500  439
418  479  500  439  399  460  500  500  460  399
439  460  378  458  380  378  460  479  500  479
338  460  479  500  458  399  460  418  319  460
500  500  500  460  399  399  500  317  458  359
500  399  439  437  500  418  460  500  418  460
500  420  380  399  439  439  460  420  340  399
460  479  298  479  380  500  500  460  399  460
500  439  378  418  479  399  458  479  359  439
439  359  460  500  479  338  420  380  500  500
458  460  458  500  439  399  338  399  319  460
319  479  500  378  460  378  418  460  380  378
460  298  460  439  460  439  340  460  439  439
460  460  319  460  420  500  479  460  479  359
460  460  319  460  439  460  500  460  500  460
319  359  460  378  439  439  500  399  460  439
420  500  418  420  378  439  439  420  500  439
460  479  460  439  338  500  458  399  -5  460
500  418  460  -5  479  460  460  460  380  418
359  460  460  380  420  479  479  460  460  399
500  380  340  500  500  439  420  479  460  479
378  420  439  460  380  378  439  460  317  458
319  420  500  500  460  479  418  418  380  458
420  500  460  399  420  479  439  317  439  458
376  460  300  460  380  460  479  500  460  500
460  439  479  479  376  380  460  420  458  218
500  460  317  378  500  500  479  439  479  399
500  500  399  359  420  420  479  479  479  439
460  439  340  439  418  380  460  418  500  460
460  439  479  460  420  420  460  460  420  500
460  418  319  418  479  500  500  420  420  399
500  439  479  380  439  439  458  439  479  420
500  359  380  460  460  500  338  500  500  420
460  460  420  439  460  460  359  439  399  500
460  460  500  420  420  460  458  460  500  500
380  420  458  439  460  479  399  420  460  399
418  500  399  479  340  420  380  380  460  420
420  420  300  460  418  500  460  380  479  500
399  378  418  500  460  418  439  439  420  420
458  439  340  460  378  500  460  500  460  279
479  460  479  500  399  460  500  500  460  439
460  439  399  359  460  380  460  319  460  439
380  500  439  399  439  500  460  397  277  439
458  380  500  340  460  420  479  -5  500  420
479  298  399  399  439  279  479  399  479  439
338  359  378  338  479  479  458  397  418  420
479  359  378  420  420  479  479  500  460  338
439  500  460  460  359  460  340  460  439  500
399  460  479  380  500  399  439  399  256  296
439  500  420  500  397  399  500  399  399  479
340  418  439  458  460  399  399  380  399  439
439  319  460  437  399  460  420  500  439  460
460  380  458  479  420  500  418  479  420  439
420  418  399  420  500  479  458  439  298  420
340  418  500  420  418  418  500  479  399  399
399  439  460  460  439  460  479  460  500  479
479  500  460  479  418  460  399  439  418  397
420  420  399  500  439  479  439  418  399  439
378  420  420  500  460  479  420  359  460  420
340  479  397  378  359  500  460  460  420  380
460  479  479  500  479  359  479  500  420  458
479  500  460  420  500  300  500  500  500  439
500  500  458  420  460  319  460  359  439  420
460  439  359  420  460  399  479  458  399  338
500  500  359  439  399  460  439  460  340  418
460  359  378  460  380  460  399  420  380  460
479  479  357  439  420  479  399  460  458  359
460  218  500  420  359  359  500  439  420  399
258  420  418  439  500  500  500  359  460  420
298  399  378  340  420  460  479  439  380  439
420  279  277  460  460  479  500  420  460  380
437  378  479  500  479  500  460  479  479  340
380  500  359  439  500  439  399  399  439  399
319  479  500  340  500  378  397  460  439  479
418  479  399  420  460  460  500  460  298  458
420  399  420  479  479  -5  460  500  439  380
460  420  460  479  439  420  479  439  439  378
500  359  420  500  460  439  460  439  460  479
420  420  340  500  380  479  460  319  418  500
380  439  418  460  420  397  500  460  500  460
439  500  397  460  500  500  458  479  420  420
479  359  399  380  458  460  319  420  420  500
479  359  460  439  460  458  460  500  420  420
500  460  340  460  479  439  460  420  439  420
500  319  439  420  458  420  399  338  420  479
359  500  479  500  479  300  500  378  479  500
439  378  460  418  500  380  439  399  458  399
279  500  500  500  420  460  460  397  439  500
399  380  418  420  479  500  420  500  460  500
420  439  399  479  460  479  399  418  460  359
460  340  500  500  439  420  500  378  378  500
479  397  500  460  439  399  500  500  -5  460
380  380  460  357  420  -5  439  460  479  420
479  460  460  420  340  418  319  460  479  479
500  399  439  500  378  418  500  500  460  420
479  418  439  439  418  420  460  338  378  359
439  500  359  399  460  418  460  460  378  338
399  380  439  439  460  399  458  500  460  300
460  380  420  439  460  420  500  500  359  420
399  319  399  439  437  357  420  399  479  458
420  439  460  439  420  439  458  -5  460  460
380  439  420  279  460  420  500  399  500  439
420  479  500  296  439  460  418  479  460  399
500  380  420  420  460  420  418  460  500  399
439  500  458  399  460  460  300  500  420  439
479  460  380  460  378  418  479  500  439  336
500  460  500  500  460  338  479  319  399  399
439  380  460  359  500  399  359  460  420  458
458  439  399  479  500  340  479  479  336  378
460  479  439  439  399  439  357  479  439  500
479  460  397  378  500  458  479  458  60  220
59  60  439  479  500  460  479  420  439  378
399  500  479  397  460  319  420  458  420  -5
479  439  418  378  399  159  98  380  500  500
380  336  399  420  439  420  479  479  359  439
460  378  500  437  420  420  500  439  460  359
500  338  500  479  380  437  418  420  458  460
500  399  340  399  378  418  420  399  460  500
458  418  460  439  458  500  300  500  460  439
500  500  418  479  460  416  460  460  479  460
479  359  378  439  479  359  378  298  420  439
399  458  479  460  380  378  500  378  420  359
420  380  359  500  460  439  500  479  500  298
479  378  399  357  359  460  420  500  380  439
418  420  479  296  399  420  460  338  479  380
500  439  359  418  500  399  500  439  418  420
479  420  439  460  460  420  479  -5  479  399
338  460  500  418  399  380  460  439  479  479
460  279  479  380  420  479  359  439  500  420
399  439  439  340  460  418  479  500  439  420
460  418  500  420  479  500  418  439  500  439
460  378  458  479  338  439  399  380  479  420
418  479  460  460  439  420  418  500  458  460
500  460  380  500  460  460  458  157  460  500
458  359  439  479  439  460  439  439  439  479
460  439  460  479  418  420  500  399  378  479
418  399  399  380  460  220  420  340  460  460
439  439  500  399  458  359  439  460  479  378
460  359  460  378  460  399  460  439  479  500
500  479  460  420  439  378  500  340  439  460
420  479  500  420  500  500  458  460  439  439
399  380  418  399  420  439  500  500  338  500
479  420  439  399  460  439  479  460  376  500
500  420  500  460  399  479  500  500  279  460
460  460  460  500  420  380  500  460  420  439
338  458  439  458  420  458  460  420  500  437
500  359  439  420  420  399  119  458  460  357
460  357  439  479  399  420  319  340  479  479
500  439  500  460  338  500  479  500  420  458
359  460  418  479  420  399  420  460  420  439
279  418  458  357  439  258  500  399  319  479
420  439  460  319  439  500  439  357  340  500
479  460  439  399  479  317  458  479  500  380
340  420  458  397  500  460  399  439  460  460
420  439  500  458  460  420  460  359  439  420
420  500  479  439  479  460  458  420  500  359
460  479  359  479  460  500  399  418  439  500
479  479  479  380  458  460  298  439  500  460
380  418  479  458  359  460  479  479  437  319
460  500  439  380  397  359  479  460  359  420
178  378  500  380  397  420  439  420  479  500
460  460  479  460  439  460  340  500  418  420
500  500  397  359  378  479  460  380  420  378
338  420  460  420  399  500  460  439  460  437
420  418  479  380  359  420  420  338  399  420
479  420  399  439  418  460  460  340  460  479
439  399  500  380  418  399  479  399  439  380
420  500  458  418  420  439  500  420  418  500
460  500  258  439  378  399  359  460  397  439
460  460  460  500  439  420  479  500  458  460
500  479  439  460  460  500  380  420  399  338
378  399  399  439  458  460  439  418  439  378
420  479  439  460  340  479  340  458  380  437
418  460  458  500  460  479  479  500  399  439
479  479  500  500  437  378  479  500  500  319
399  500  319  300  418  500  237  397  399  479
460  439  500  460  500  359  479  319  399  317
458  479  380  479  460  380  479  460  418  439
340  460  439  460  439  359  378  418  378  357
500  399  380  340  479  420  458  399  479  458
437  380  500  460  378  439  439  420  380  439
378  380  460  399  500  418  500  500  460  399
479  378  437  439  420  460  380  399  460  460
460  439  500  500  319  340  460  460  380  439
380  460  460  458  460  418  500  418  420  439
420  479  439  439  458  460  479  399  500  418
439  420  420  439  479  439  460  500  420  460
460  458  460  460  418  420  380  359  500  420
380  420  439  359  439  479  380  460  460  500
439  399  500  460  479  340  500  460  479  338
460  380  420  439  439  439  460  460  460  458
460  439  479  439  340  399  479  500  279  420
479  460  437  500  359  460  439  460  357  460
420  479  380  338  420  460  479  319  458  479
418  460  378  500  279  460  420  340  420  399
399  479  420  460  439  460  460  500  359  359
500  500  479  439  439  460  460  460  500  479
380  420  399  439  460  399  256  460  500  460
420  357  399  479  500  418  439  460  399  479
420  437  460  460  500  460  399  439  420  500
378  420  359  460  420  458  298  458  479  437
479  439  500  479  460  458  359  357  500  479
418  378  439  500  317  460  399  359  439  460
439  378  -5  460  439  418  380  479  418  420
439  479  399  319  399  420  399  380  439  500
460  399  380  500  439  439  479  458  420  418
418  279  336  399  439  500  439  458  420  460
479  340  439  439  418  378  380  479  479  420
420  460  399  460  460  500  380  399  239  458
437  439  340  439  439  418  298  418  439  439
479  500  420  479  479  439  359  420  460  500
460  500  420  460  359  439  460  500  359  418
378  439  378  399  479  460  420  460  380  479
479  460  460  460  340  479  479  439  399  460
359  458  399  479  378  500  418  399  399  500
399  439  500  460  380  479  418  437  399  439
460  399  359  359  380  479  500  380  500  439
458  460  479  420  460  500  420  460  460  479
319  399  500  420  418  460  357  460  418  479
500  420  458  500  460  439  460  479  458  420
479  399  479  479  460  -5  420  460  439  437
399  460  479  460  479  420  420  359  380  416
420  397  460  460  399  340  500  399  380  420
460  460  378  399  479  420  418  420  357  319
500  460  500  439  380  500  500  439  420  399
460  439  380  500  458  439  399  458  458  380
439  500  420  500  378  359  439  319  460  460
500  437  380  500  357  418  460  378  460  500
500  460  439  439  359  399  479  439  420  460
460  359  500  439  399  479  420  380  418  399
418  479  338  439  458  416  418  460  359  439
500  439  340  500  439  479  439  479  439  418
439  319  479  378  479  439  500  439  460  380
500  378  460  460  460  399  418  479  420  439
439  378  460  300  359  420  439  418  500  500
500  399  500  500  378  500  479  420  439  479
399  460  460  399  479  500  319  439  399  460
378  439  420  500  500  458  460  439  416  479
500  420  500  479  420  397  298  359  420  416
420  439  500  500  437  500  439  460  500  380
439  378  500  460  460  479  500  418  378  378
460  420  380  460  479  420  380  500  338  418
460  380  460  420  439  458  458  420  500  439
338  500  418  500  500  420  500  420  420  500
319  460  460  399  340  378  399  439  460  258
399  378  500  420  317  500  298  479  380  420
439  458  460  460  359  439  479  460  420  420
420  479  460  420  439  418  399  479  399  500
338  500  500  439  418  500  418  437  380  479
500  439  399  460  218  317  418  378  416  399
420  500  378  460  378  439  458  479  460  460
399  380  420  458  460  500  338  500  357  460
380  279  460  340  439  460  460  500  460  479
418  439  298  500  460  418  439  420  359  479
420  500  418  420  460  500  420  420  460  460
500  340  397  479  380  460  378  380  439  380
460  380  420  460  359  460  479  460  418  439
380  500  500  439  500  418  439  500  340  460
500  500  359  380  460  460  418  500  500  418
479  399  357  317  439  460  500  399  500  380
418  439  479  460  458  500  420  460  500  378
439  500  420  479  439  279  460  479  418  460
460  439  460  439  279  460  380  420  479  378
500  460  420  479  439  397  500  399  479  500
420  399  399  380  460  380  439  340  378  479
460  439  479  460  500  418  460  439  399  460
439  418  399  418  500  338  437  439  397  319
458  500  420  357  500  319  439  439  357  418
420  460  439  500  479  418  460  460  380  460
439  418  439  420  298  460  338  420  479  399
239  439  399  418  460  420  460  479  399  420
479  359  500  420  420  439  500  420  420  399
479  418  458  359  479  298  319  420  479  479
399  439  500  460  479  479  460  359  399  416
380  378  500  437  460  460  460  439  380  420
500  380  458  378  500  460  460  479  439  399
399  500  439  458  279  397  460  420  420  359
479  460  378  460  420  380  420  460  460  439
439  420  319  500  439  420  399  458  500  460
500  479  317  479  279  359  439  338  460  460
420  460  500  439  458  460  460  420  460  399
439  420  420  359  380  399  479  279  479  399
439  479  397  500  397  500  500  500  420  420
399  338  500  458  500  479  420  399  500  359
460  439  460  460  460  460  460  460  399  420
439  319  458  458  380  439  420  460  359  479
500  397  378  479  500  359  378  439  157  420
500  458  460  357  420  216  399  439  460  340
500  460  439  420  479  500  359  479  479  340
420  479  500  479  418  500  500  460  500  397
296  500  420  500  500  479  460  399  340  460
439  460  420  439  479  420  420  399  279  439
500  357  359  500  460  399  378  460  500  420
399  439  420  380  420  458  439  500  479  460
500  460  439  460  439  439  460  460  378  458
479  460  437  420  420  460  420  420  399  340
300  460  399  399  439  460  357  500  500  319
420  500  378  439  439  338  460  500  479  500
380  420  338  378  439  500  460  439  479  380
399  378  420  500  359  380  479  399  420  500
340  439  399  418  399  500  500  460  437  277
500  437  418  460  420  319  380  500  -5  460
460  399  399  317  420  380  460  479  420  460
359  460  279  460  279  439  439  479  439  378
420  378  380  420  380  460  277  460  439  300
359  378  460  460  380  380  458  479  500  460
296  298  479  479  260  439  500  420  479  380
479  500  439  500  500  420  500  439  458  460
418  439  439  479  399  500  479  418  319  399
500  359  460  378  500  500  418  418  460  399
439  378  460  279  460  397  418  399  439  420
500  439  479  500  458  458  460  479  479  420
460  439  500  460  500  399  500  458  399  479
460  460  439  418  479  460  439  420  399  500
418  460  439  399  500  420  439  180  420  460
439  439  479  479  500  380  357  460  460  500
460  340  439  418  380  399  460  338  399  420
500  420  479  479  359  500  399  460  338  500
319  479  479  479  460  380  460  479  500  378
420  500  479  460  500  460  439  460  500  500
439  500  439  399  500  500  300  439  439  380
460  500  420  460  479  319  418  340  420  359
197  418  399  399  359  359  399  420  420  500
460  460  420  418  420  378  420  460  500  479
500  460  479  500  418  420  460  420  500  359
399  439  397  340  479  458  420  458  458  -5
500  460  439  420  420  340  439  420  500  500
500  300  439  460  420  500  479  418  399  157
399  460  439  460  460  359  399  479  500  460
479  340  460  460  439  479  439  500  399  420
420  439  500  460  359  460  500  460  460  319
479  500  319  439  460  460  340  479  500  418
500  437  500  378  399  359  439  439  460  439
397  399  500  479  500  439  500  439  460  460
479  439  479  500  420  500  397  359  380  298
500  479  500  418  420  420  399  500  359  500
500  500  500  439  500  479  439  439  500  437
439  397  420  500  418  458  500  399  458  418
439  380  460  439  420  500  439  319  397  500
479  279  380  420  460  420  420  458  220  399
500  479  500  340  439  279  439  418  500  397
479  439  439  300  500  277  458  439  460  500
399  460  460  439  319  460  378  420  500  -5
479  460  359  418  420  420  500  479  460  338
420  460  439  399  479  359  420  340  418  420
418  500  300  500  460  380  479  420  300  460
420  420  378  500  380  380  380  479  479  458
458  479  460  340  399  460  500  460  -5  460
500  397  420  418  439  359  479  416  479  420
500  317  460  500  420  357  437  338  500  380
460  460  380  380  437  418  420  439  479  420
460  439  500  378  500  500  399  460  418  460
399  399  460  460  397  439  319  439  500  277
479  380  439  460  340  420  439  460  420  460
420  500  460  500  439  439  458  460  439  500
439  338  418  380  500  460  460  399  460  479
439  319  500  399  479  460  460  380  500  460
500  399  479  359  439  357  479  298  479  418
420  458  500  460  460  340  439  500  420  500
479  420  439  399  418  399  338  399  460  479
479  420  500  239  479  460  500  479  418  460
460  319  500  399  479  500  239  500  420  479
359  460  479  479  500  460  420  420  479  437
418  420  500  479  479  298  500  460  399  416
420  500  500  439  460  340  439  378  418  378
439  458  500  500  500  460  479  338  479  399
500  500  439  420  420  458  460  420  376  420
420  437  500  399  418  500  479  420  399  399
460  378  -5  359  378  319  420  399  418  500
418  357  500  460  420  460  460  500  460  479
500  338  500  460  460  479  380  460  500  458
458  439  500  500  380  420  460  376  500  439
439  418  479  399  420  319  399  418  460  399
458  460  418  458  397  460  460  479  500  500
500  479  460  500  500  439  399  380  479  479
460  479  500  500  439  500  500  359  479  359
500  399  418  319  399  119  460  380  460  399
380  439  420  439  460  500  460  500  460  359
500  500  399  338  420  439  359  500  479  378
399  380  420  439  439  420  319  458  380  500
420  439  399  220  397  460  500  479  458  420
479  420  420  418  399  -5  399  500  380  479
279  479  439  479  479  338  399  458  479  420
300  420  500  460  418  359  439  439  458  399
418  460  319  500  357  458  380  420  500  500
439  380  420  439  399  460  378  479  380  500
439  500  359  359  500  460  340  338  479  399
460  460  500  418  420  359  500  399  500  460
460  439  340  418  439  359  418  460  439  399
500  460  460  460  439  399  439  439  399  439
439  460  460  439  460  460  500  460  399  420
340  460  458  399  500  418  500  439  420  439
420  359  420  357  500  300  397  439  399  439
-5  500  418  298  460  460  399  420  479  399
420  460  460  420  479  420  439  420  439  420
460  359  500  420  500  378  500  359  399  500
420  479  500  458  338  479  460  258  399  460
418  399  380  378  460  460  380  500  500  500
439  500  460  460  500  500  359  439  420  418
397  359  380  399  420  378  437  420  439  378
399  399  460  418  458  399  399  479  500  460
500  420  340  460  399  319  399  479  479  319
420  460  376  479  420  479  378  439  500  439
460  500  439  500  479  340  479  500  277  359
460  439  439  317  460  399  380  460  399  439
479  420  399  439  439  420  439  460  479  397
500  500  479  479  338  420  399  439  460  500
420  479  418  500  439  500  460  500  420  500
500  378  420  460  420  460  439  439  399  359
460  479  420  460  479  399  359  500  439  500
479  500  500  399  458  479  500  500  500  258
359  500  500  458  380  439  479  460  439  460
378  460  439  460  460  460  500  399  460  460
479  460  439  500  399  260  399  460  418  460
439  460  399  439  420  380  439  500  500  500
380  439  439  420  458  397  460  338  380  359
380  418  439  500  479  460  420  439  380  500
420  340  500  380  439  338  418  420  439  460
378  439  380  460  460  500  460  458  500  458
460  500  460  500  460  277  399  359  500  500
460  458  500  479  380  439  460  439  460  399
460  500  277  460  418  500  420  439  479  460
300  439  420  500  460  319  439  340  460  420
500  399  420  378  -5  418  420  460  319  460
439  279  439  460  279  460  439  439  397  439
357  418  399  319  378  439  420  420  420  479
479  420  479  420  399  399  479  338  479  439
338  439  439  460  460  500  458  439  460  458
460  500  380  380  460  437  500  439  399  439
420  479  256  397  479  439  500  439  460  399
458  439  460  378  439  500  418  380  500  458
439  418  460  479  420  439  420  439  479  460
500  380  460  420  439  500  458  437  460  420
279  460  458  340  500  500  380  199  380  460
380  460  359  399  319  399  380  479  439  500
420  359  418  319  418  460  479  500  439  460
420  460  460  500  460  418  420  418  399  460
439  460  359  378  458  399  439  378  420  500
420  340  439  479  479  500  416  378  439  479
479  460  500  460  340  418  439  399  359  460
380  420  500  338  479  479  479  439  380  460
359  338  420  500  460  439  420  500  458  319
420  458  399  460  458  420  338  500  500  500
418  298  439  460  338  399  479  357  380  479
500  439  418  479  460  460  460  500  500  340
439  319  479  420  460  439  479  399  317  458
439  460  479  439  420  418  460  460  420  380
500  439  460  500  420  420  380  338  460  439
439  460  378  500  500  460  439  500  359  437
479  479  399  460  460  359  439  460  378  420
458  479  378  420  439  418  460  500  439  500
479  420  380  500  237  420  359  460  458  338
420  460  399  460  380  479  458  460  458  460
460  460  420  439  317  500  420  479  420  399
340  420  420  418  500  479  500  479  399  500
439  479  479  500  439  500  460  420  298  380
439  479  439  418  439  479  460  439  420  378
420  340  439  298  439  439  500  460  420  420
420  439  359  420  439  500  439  399  479  397
420  500  437  378  439  437  479  479  460  420
420  420  500  338  500  399  340  380  460  439
460  399  399  420  439  399  399  460  460  439
439  458  460  340  439  460  479  359  460  500
460  359  460  399  418  500  399  500  439  439
418  378  340  399  500  237  420  378  380  500
479  359  218  418  460  420  460  420  460  399
479  420  458  380  418  418  460  420  319  420
460  300  500  420  378  439  359  420  500  420
420  336  500  439  437  500  460  399  500  500
338  380  500  500  500  420  500  460  500  500
439  380  418  378  458  460  397  479  439  439
500  439  420  460  460  439  439  458  380  500
418  378  460  420  420  399  460  399  479  460
479  420  500  298  420  500  500  500  500  420
460  479  340  460  479  380  260  460  460  399
479  420  500  418  479  378  378  380  460  420
500  439  460  460  479  418  439  418  460  500
479  418  420  420  117  399  460  479  439  460
380  420  500  420  479  397  500  380  500  500
500  420  458  420  479  500  439  439  500  500
479  420  500  399  319  479  399  460  319  460
439  300  460  439  439  479  460  399  439  359
439  380  399  460  359  420  418  418  479  479
418  359  420  439  460  380  479  399  319  439
460  359  439  439  439  338  460  420  380  399
338  439  439  500  479  460  319  420  460  439
319  277  479  500  420  479  397  420  500  420
420  500  479  500  439  -5  500  399  399  416
500  420  460  458  460  500  237  380  399  418
458  479  300  460  479  479  340  420  458  420
479  460  460  458  500  439  500  500  479  460
460  479  399  500  399  340  378  500  258  359
420  479  340  380  439  460  439  458  399  500
460  479  437  458  319  439  458  357  500  439
298  378  439  357  439  420  420  420  420  460
460  479  500  460  300  380  420  500  460  500
359  460  479  397  500  479  380  380  479  460
399  439  500  500  -5  460  380  458  420  418
460  317  399  418  500  397  500  500  420  399
500  399  500  479  420  420  420  420  439  420
378  418  439  500  500  439  319  460  359  500
399  460  340  500  458  378  500  500  460  439
298  420  500  397  420  500  460  460  460  380
380  340  420  338  378  420  500  500  479  357
500  420  460  359  399  460  439  500  500  439
479  479  479  399  380  439  298  399  439  399
418  399  319  399  418  439  500  500  460  397
98  500  380  439  420  500  439  397  416  460
460  298  500  479  420  479  359  458  460  340
399  500  319  479  500  460  420  439  460  380
437  479  439  420  378  -5  500  460  460  340
460  479  500  418  439  500  399  500  500  500
460  500  420  479  479  300  460  397  460  319
458  460  420  460  418  439  460  399  460  500
460  500  439  319  460  420  399  479  378  399
479  460  460  479  460  439  298  479  439  380
460  458  380  460  378  460  439  500  319  439
399  500  460  479  500  199  500  500  500  439
338  376  380  458  399  439  500  479  340  399
439  479  500  500  357  439  399  458  500  338
439  380  439  500  359  460  437  418  378  500
279  460  420  399  420  500  500  500  378  460
420  479  340  439  500  460  500  420  439  399
460  479  359  378  500  500  420  399  458  500
479  380  500  439  458  439  439  460  458  420
460  479  399  300  380  500  500  439  479  420
479  420  500  439  420  420  439  399  500  319
479  420  399  460  439  479  380  460  420  380
399  460  357  460  260  357  460  420  439  359
460  420  479  460  399  -5  460  460  479  479
460  359  439  -5  199  460  439  359  420  420
418  260  460  479  460  479  399  420  479  460
420  380  460  479  500  420  340  439  479  399
500  500  420  420  420  439  357  338  479  460
460  460  458  500  500  399  418  -5  420  378
479  420  439  298  359  399  439  460  420  439
460  279  500  418  439  340  500  439  420  479
418  479  500  380  420  500  439  500  399  357
380  439  500  479  460  479  500  378  460  420
357  500  458  460  458  500  380  439  460  460
338  460  500  460  399  500  340  399  460  500
439  420  359  500  460  500  479  359  460  479
420  500  420  460  439  460  420  458  500  439
418  479  500  399  479  460  420  479  460  418
460  380  420  359  479  399  378  479  439  458
378  479  260  479  378  439  420  380  479  359
418  380  439  500  439  418  500  500  460  500
460  380  458  439  439  439  338  460  380  340
479  338  460  420  439  298  479  500  500  500
460  420  420  460  420  458  439  500  500  460
479  500  500  378  439  439  418  479  439  378
439  420  500  460  500  380  397  460  460  338
420  479  439  439  378  439  460  319  458  460
378  378  378  479  500  500  500  500  439  380
460  338  319  420  479  460  420  439  378  439
418  460  460  359  460  319  399  460  418  397
460  460  439  420  359  420  359  479  420  420
397  380  340  458  460  500  460  420  399  500
500  399  479  460  479  420  460  460  319  439
500  418  418  460  336  380  479  500  479  460
500  378  420  500  500  500  359  500  338  500
420  376  479  460  357  338  460  420  500  279
420  359  357  359  439  420  420  399  399  378
359  439  359  439  479  439  460  397  359  439
500  439  359  479  378  460  458  460  479  420
439  500  418  500  458  380  460  500  380  500
500  458  437  460  380  439  460  420  399  399
460  479  359  479  279  460  460  460  380  397
460  439  420  500  460  479  479  458  439  359
500  479  420  458  460  418  460  460  439  380
439  460  439  420  399  500  378  479  500  500
479  500  338  338  439  500  500  420  437  479
378  460  500  399  378  460  420  479  420  479
418  479  338  500  359  500  399  460  378  420
500  479  300  500  399  399  500  460  279  500
439  359  418  399  399  399  439  500  380  380
439  500  460  380  439  479  380  420  420  439
460  420  500  317  479  439  500  500  359  378
500  420  437  439  460  458  460  439  340  500
418  460  420  439  399  439  460  460  418  439
399  479  479  439  460  380  439  479  378  359
460  500  500  399  479  500  500  500  420  460
500  439  380  460  399  380  500  500  439  500
479  439  359  439  500  458  399  479  479  420
460  340  317  500  479  460  479  420  460  479
500  460  479  439  460  460  340  439  420  500
420  500  500  500  338  500  420  500  418  420
500  460  439  439  479  460  460  420  500  420
479  460  380  500  479  460  439  439  458  439
420  399  500  420  439  500  479  500  479  420
439  479  460  479  439  439  359  458  479  460
439  399  378  500  279  380  399  439  300  439
378  460  399  418  437  460  378  399  479  420
479  340  460  338  439  319  380  500  500  439
479  378  338  380  340  479  460  479  460  460
416  460  460  460  340  500  420  460  439  279
378  399  439  378  460  479  479  479  420  500
338  500  460  399  479  420  439  420  418  500
378  460  500  500  420  418  479  500  420  380
500  340  460  418  378  380  479  479  378  439
319  479  500  399  458  439  319  420  460  500
399  479  460  420  359  458  479  420  460  340
500  420  500  439  439  420  378  420  380  479
500  460  439  338  420  340  479  500  340  460
340  479  439  460  420  -5  437  357  479  500
500  500  359  460  460  420  439  500  479  418
420  418  399  460  500  460  460  420  380  479
479  460  418  460  359  378  500  378  479  479
460  439  420  420  380  399  439  399  479  500
460  458  460  460  479  460  500  460  420  380
397  180  460  479  380  420  380  479  420  439
420  500  420  460  460  319  399  420  500  399
500  439  500  458  399  460  458  500  479  439
479  458  418  479  500  359  418  439  460  439
479  340  380  439  359  479  439  319  380  359
460  500  479  460  458  340  357  378  378  500
460  399  -5  439  458  397  439  460  479  319
418  500  420  479  500  460  479  437  439  439
479  460  399  420  460  460  500  420  460  500
399  420  338  500  500  500  500  439  359  500
500  479  317  380  500  500  500  439  439  378
439  418  500  420  460  460  420  399  479  439
420  500  479  500  460  397  420  397  380  378
338  397  399  460  420  500  399  399  460  340
338  500  479  380  479  298  420  399  439  420
479  500  479  460  500  460  420  439  359  500
340  298  500  399  380  359  380  359  479  437
420  479  479  420  460  420  500  418  380  500
380  399  439  420  359  439  399  399  420  458
460  359  460  458  420  500  340  439  458  500
500  359  439  418  479  380  460  460  279  439
460  380  420  298  439  500  420  460  460  439
500  399  199  59  57  59  60  420  479  380
460  458  380  479  439  479  500  460  420  479
359  479  479  500  500  460  479  357  420  418
479  500  399  340  378  460  399  420  479  500
380  418  479  420  458  380  418  439  399  420
420  420  439  338  380  439  420  418  420  399
439  439  479  380  439  460  399  460  439  500
460  458  500  460  458  500  500  420  439  460
380  458  479  380  439  418  460  460  500  399
458  479  380  439  479  479  359  460  479  460
420  418  359  460  399  399  500  420  439  439
460  380  479  418  460  439  357  378  439  399
439  298  500  479  380  420  319  500  340  439
260  479  418  479  479  479  439  500  439  460
439  437  439  418  500  479  399  460  380  420
458  479  399  460  500  340  418  378  359  460
500  338  458  479  479  460  359  460  376  460
418  500  460  458  420  300  500  500  460  418
460  399  399  460  380  420  479  500  439  420
399  460  500  500  338  458  399  460  460  500
420  420  418  460  479  460  500  439  500  500
460  439  460  420  500  420  500  380  500  359
479  500  399  439  460  418  -5  399  418  460
460  460  479  500  439  500  500  439  479  359
359  458  460  458  258  500  420  439  479  380
399  418  439  500  418  439  460  319  420  380
479  399  479  479  380  460  479  420  359  420
500  340  378  500  458  340  420  479  460  340
380  420  357  420  340  397  460  460  460  460
319  500  460  437  460  378  479  460  460  439
439  420  460  439  439  479  199  460  397  460
460  500  420  420  380  420  500  418  500  399
378  500  458  479  479  439  500  500  460  439
399  460  439  380  399  399  380  460  420  479
359  378  460  439  460  460  479  458  296  420
460  319  399  399  439  340  458  479  460  338
479  439  -5  338  479  338  460  420  420  380
500  479  460  357  399  439  460  317  420  500
399  376  460  420  420  460  500  439  500  500
338  460  500  500  359  500  439  460  458  479
380  460  500  500  399  479  458  420  420  420
378  500  338  500  439  479  479  319  479  357
397  399  479  340  460  479  420  500  500  479
340  300  439  439  399  460  479  420  458  439
460  378  420  460  439  340  439  420  500  420
380  437  439  479  460  300  479  460  420  500
378  479  460  298  479  420  420  418  357  378
439  359  500  319  399  420  439  319  460  458
336  420  500  460  399  460  479  378  359  479
439  359  378  378  420  357  418  460  439  439
380  460  500  357  479  420  439  420  479  460
380  397  458  460  397  359  460  460  437  460
479  378  380  479  479  397  399  460  500  500
399  340  439  460  500  500  500  378  300  500
399  437  357  500  479  336  338  439  439  380
500  416  460  500  460  380  439  418  399  458
500  500  439  460  500  500  458  399  460  500
420  359  460  460  279  500  500  479  399  399
458  439  479  357  460  439  439  298  378  439
439  420  378  420  479  460  460  460  479  380
460  479  418  439  479  357  479  300  439  500
399  439  500  460  458  418  500  439  460  460
319  439  460  357  439  460  418  460  439  420
380  460  460  500  420  479  300  399  418  338
460  460  338  458  500  500  460  458  420  458
460  460  460  359  420  397  500  399  479  340
458  500  418  338  460  460  439  500  458  460
460  439  460  460  380  399  500  378  338  380
437  380  357  420  397  439  418  500  439  460
399  500  479  500  479  439  500  479  359  479
418  298  500  439  380  460  380  439  296  500
399  418  460  500  460  378  460  319  479  420
420  -5  359  500  479  460  439  500  340  420
439  439  420  460  418  458  460  460  460  439
439  460  380  460  439  380  479  420  439  380
460  460  439  439  479  420  319  439  399  460
420  460  460  439  420  439  418  399  420  500
500  420  317  439  460  397  500  359  279  460
418  420  479  460  500  460  479  500  500  460
460  399  460  500  420  380  380  420  340  500
460  479  140  420  418  479  439  420  439  378
460  420  439  500  399  420  458  420  460  -5
399  460  479  420  439  340  420  458  500  439
500  439  460  439  420  420  399  460  460  439
460  378  420  420  500  399  458  418  500  439
460  378  500  399  460  479  460  340  418  500
479  380  479  479  420  460  500  479  420  399
420  439  418  439  420  479  460  460  460  460
300  420  439  420  418  460  359  338  460  500
399  399  500  338  439  357  439  420  319  460
418  439  458  460  420  439  479  460  500  460
437  500  359  439  479  359  418  460  420  380
460  420  399  460  420  479  460  500  359  460
-5  378  460  479  439  420  418  399  420  319
420  378  460  460  380  420  420  338  439  399
439  500  439  378  460  399  458  399  357  317
500  500  319  460  460  359  359  458  338  460
500  418  460  420  399  418  340  399  359  439
380  500  239  359  460  420  418  439  460  418
479  319  416  500  319  500  420  439  319  479
439  460  500  460  420  500  500  420  500  479
279  319  460  460  500  399  500  380  458  500
500  479  458  500  500  399  380  458  317  500
437  460  458  500  460  500  500  479  460  460
460  439  500  439  420  460  399  500  460  460
460  420  500  338  460  399  399  359  420  460
359  340  500  420  460  418  439  460  258  399
380  500  500  500  378  500  380  460  439  460
479  399  479  418  460  380  460  439  378  399
458  439  418  439  460  460  460  500  500  420
460  399  319  338  460  439  500  479  399  500
439  460  378  500  500  439  439  460  418  420
380  399  500  359  479  460  460  439  416  420
460  479  439  338  500  437  420  439  317  397
420  420  500  418  420  479  420  439  500  420
258  420  460  418  378  439  460  479  420  479
479  460  420  378  439  439  439  460  460  460
399  319  420  399  319  380  460  479  479  359
439  380  338  500  340  500  399  439  399  378
439  319  500  439  439  500  399  439  500  420
399  378  420  460  460  298  380  437  500  399
439  500  460  256  380  -5  319  458  479  500
420  420  380  460  500  418  439  418  439  420
460  420  439  420  380  399  458  378  420  500
460  460  460  500  479  420  500  420  416  500
460  500  500  380  439  479  399  500  500  460
460  300  479  359  420  319  500  460  439  458
439  460  500  418  500  479  439  380  359  460
500  500  420  420  479  420  319  460  460  460
479  399  458  439  399  458  460  399  378  399
439  380  420  479  359  460  460  420  460  279
460  420  397  420  500  500  418  460  460  359
357  399  418  479  418  460  460  439  397  420
479  500  399  460  418  338  500  357  399  460
420  418  460  460  479  399  460  460  460  460
460  460  500  359  399  460  416  439  500  420
378  397  458  460  399  399  458  458  359  500
420  359  380  479  420  378  460  479  378  500
458  500  500  397  420  399  420  378  418  359
418  439  479  399  458  340  420  460  420  460
479  359  460  359  439  439  420  420  500  500
418  418  458  479  479  399  439  399  500  479
500  300  439  380  359  399  500  460  479  460
399  437  500  500  380  479  500  439  458  420
359  319  439  420  500  500  378  460  399  399
458  399  399  439  460  460  359  439  418  418
500  500  460  460  439  397  399  500  479  458
479  439  298  460  500  399  420  420  399  500
439  397  418  500  460  460  420  439  420  479
500  397  460  479  359  399  460  460  338  458
460  279  479  439  458  500  340  399  420  479
460  439  420  500  460  500  479  460  460  420
500  458  460  458  479  357  319  500  397  420
479  399  479  439  439  378  460  378  458  500
460  479  460  378  439  380  500  479  460  439
437  460  340  399  378  380  420  437  458  399
258  239  479  439  437  460  359  460  500  378
418  439  437  418  460  460  500  500  439  460
439  500  437  399  420  359  380  420  378  460
500  437  500  380  479  298  460  420  479  460
460  359  380  357  420  479  460  418  479  479
500  460  479  479  500  500  359  420  479  500
500  458  479  500  359  500  399  -5  340  439
439  439  460  439  500  479  500  500  380  479
418  439  399  460  460  399  399  437  340  378
500  416  439  399  420  439  500  479  420  460
418  399  420  359  279  439  298  500  319  500
-5  460  500  338  380  357  376  439  439  479
460  300  317  460  460  359  460  479  439  479
420  460  418  460  380  500  197  399  479  399
399  479  460  460  460  418  420  420  500  460
479  -5  500  380  458  420  439  378  399  460
500  439  439  479  439  460  460  380  439  458
460  340  439  500  460  340  458  500  479  399
479  500  500  359  439  359  420  500  399  439
420  500  399  460  420  418  460  500  317  500
420  380  420  420  298  460  378  460  437  460
399  378  340  500  460  479  500  439  319  460
479  399  340  420  420  460  418  500  418  359
439  479  399  479  439  418  420  418  479  420
479  500  439  338  380  420  479  500  399  460
420  460  500  359  479  418  479  399  338  378
460  439  380  460  380  500  380  500  460  420
340  460  416  378  399  420  397  458  439  378
439  500  460  340  500  460  500  399  460  420
500  479  397  458  500  479  359  380  418  479
479  439  500  500  460  500  460  479  500  279
479  439  380  338  500  420  500  380  399  399
460  479  399  338  420  420  420  500  399  460
380  439  460  397  479  439  460  359  500  439
439  460  380  500  500  439  340  500  500  397
500  420  458  418  399  399  399  500  460  420
399  500  378  418  458  397  319  439  500  420
460  439  500  439  420  479  460  359  338  439
500  500  460  439  458  380  460  500  500  500
298  319  500  296  500  439  460  418  300  359
460  479  479  460  458  357  380  437  380  298
500  500  500  460  378  479  460  460  359  420
420  239  -5  380  418  460  500  380  -5  418
500  500  357  479  460  458  359  500  439  439
437  460  359  359  479  460  458  399  500  420
500  439  439  439  500  460  418  479  418  338
420  479  439  380  340  420  357  458  500  500
277  359  500  500  439  439  500  460  319  420
399  500  500  500  397  479  500  380  479  439
460  460  420  500  378  439  460  460  458  359
300  420  359  500  420  460  460  460  439  439
458  378  378  500  420  399  380  439  378  420
420  399  420  460  416  439  399  500  420  500
500  439  420  460  359  378  500  420  479  500
420  479  399  418  458  399  479  380  437  439
500  359  420  439  500  460  439  500  500  380
378  460  420  418  500  399  500  479  399  319
500  380  500  460  460  479  319  460  500  458
500  460  420  420  500  439  340  460  338  479
460  359  380  500  359  439  317  418  338  380
460  420  479  439  439  479  460  500  479  378
479  479  418  458  479  479  357  439  439  479
479  420  500  458  418  460  500  460  399  378
420  380  359  340  460  460  500  439  458  460
460  439  460  460  380  479  420  420  399  479
500  338  479  439  420  420  460  437  500  338
378  458  380  500  298  460  420  399  399  399
437  500  359  397  500  300  -5  359  479  500
500  460  479  319  500  380  420  479  399  458
279  338  460  378  439  479  479  279  460  500
439  420  479  439  439  357  460  420  479  420
420  458  479  399  500  298  439  420  420  458
359  380  338  439  460  479  397  420  500  420
340  420  500  319  380  458  500  500  439  420
378  500  300  479  479  420  460  378  500  479
460  380  458  479  500  460  500  357  439  500
439  359  418  420  420  458  479  439  500  -5
418  460  479  420  418  479  479  380  479  460
458  500  439  399  479  479  460  500  399  357
378  460  397  479  439  500  500  479  420  420
500  -5  420  439  500  420  500  458  479  439
460  460  359  460  500  460  500  439  420  418
460  359  380  357  460  479  439  380  460  460
439  420  399  399  399  500  437  437  439  338
399  479  399  420  418  500  380  439  420  439
479  460  500  460  460  460  439  460  458  500
500  479  380  479  439  359  399  460  479  378
378  439  437  378  500  399  399  439  460  418
338  439  500  319  437  439  439  460  399  399
500  399  500  479  500  458  460  420  460  479
479  458  439  418  418  439  420  460  500  479
439  439  460  460  380  397  460  460  437  479
500  500  500  439  460  420  399  420  439  399
380  439  439  399  439  378  340  460  437  500
460  338  319  458  439  437  258  460  479  500
420  460  500  439  359  239  437  460  378  458
418  359  479  279  338  479  460  340  500  460
460  439  420  338  500  500  460  500  420  460
479  460  380  420  437  397  460  298  500  340
380  420  439  460  500  500  500  479  256  458
479  500  418  460  500  460  500  460  500  399
437  420  420  500  460  359  500  500  500  460
479  380  420  357  500  460  378  500  439  439
500  460  460  479  458  357  -5  418  380  380
340  418  359  500  500  479  500  336  300  460
439  418  460  460  460  399  319  399  460  460
500  479  399  500  439  460  380  460  500  458
439  479  439  420  340  500  418  300  500  479
458  500  439  319  460  500  460  420  340  460
420  500  500  420  439  399  500  399  479  479
279  500  420  500  399  439  439  500  460  500
500  380  439  420  479  479  380  420  439  479
420  458  479  420  439  420  399  460  460  479
338  439  439  317  500  296  380  460  380  378
399  479  420  500  439  500  479  460  460  420
319  500  460  500  479  479  380  397  340  460
500  420  359  500  460  500  479  500  500  460
420  439  460  439  338  399  359  380  500  418
460  460  460  399  458  378  500  439  420  420
460  479  399  479  380  399  479  399  500  500
460  399  399  399  458  359  420  479  460  460
359  500  479  418  439  418  439  439  500  399
460  420  500  500  420  460  479  500  376  458
399  399  458  500  378  460  479  399  460  460
460  439  460  500  500  460  380  397  500  397
420  458  380  460  439  460  399  500  399  277
479  500  380  420  500  458  458  500  418  500
500  420  378  479  380  500  420  439  500  359
500  399  359  460  359  399  460  479  378  460
399  500  399  479  500  439  260  458  460  439
357  500  479  418  439  420  500  439  500  458
460  458  378  378  460  420  338  359  500  458
460  56  439  378  298  418  500  460  500  399
420  380  420  399  460  420  460  460  500  500
500  420  239  420  460  460  500  359  460  460
439  460  500  420  319  338  500  439  500  298
420  317  500  479  439  399  420  500  500  439
479  500  397  378  500  460  460  378  439  460
437  479  500  399  340  458  479  500  399  439
479  399  420  500  479  399  338  439  479  439
439  420  420  420  378  500  399  460  460  399
479  500  500  359  420  460  479  479  298  439
479  460  460  420  439  500  260  500  460  439
479  420  460  420  479  479  458  338  458  460
439  460  439  439  336  420  500  460  500  500
458  399  420  399  439  380  439  439  479  500
378  479  397  357  399  500  500  420  420  378
460  500  418  380  439  460  380  500  340  418
439  439  460  460  500  380  460  458  460  -5
359  479  439  439  500  338  458  418  479  399
