-5  -5  -5  -5  -5  -5  -5  -5  -5  -5
-5  -5  -5  -5  -5  -5  -5  -5  -5  -5
-5  -5  -5  -5  -5  -5  -5  -5  -5  -5
-5  -5  -5  -5  -5  -5  -5  -5  -5  -5
-5  -5  -5  -5  -5  -5  -5  -5  -5  -5
-5  -5  -5  -5  -5  -5  -5  -5  -5  -5
-5  -5  -5  -5  -5  -5  -5  -5  -5  -5
-5  -5  -5  -5  -5  -5  -5  -5  -5  -5
-5  -5  -5  -5  -5  -5  -5  -5  -5  -5
-5  -5  -5  -5  -5  -5  -5  -5  -5  -5
-5  -5  -5  -5  -5  -5  -5  -5  -5  -5
-5  -5  -5  -5  -5  -5  -5  -5  -5  -5
-5  -5  -5  -5  -5  -5  -5  -5  -5  -5
-5  -5  -5  -5  -5  -5  -5  -5  -5  -5
-5  -5  -5  -5  -5  -5  -5  -5  -5  -5
-5  -5  -5  -5  -5  -5  -5  -5  -5  -5
-5  -5  -5  -5  -5  -5  -5  -5  -5  -5
-5  -5  -5  -5  -5  -5  -5  -5  -5  -5
-5  -5  -5  -5  -5  -5  -5  -5  -5  -5
-5  -5  -5  -5  -5  -5  -5  -5  -5  -5
-5  -5  -5  -5  -5  -5  -5  -5  -5  -5
-5  -5  -5  77  -5  -5  -5  -5  -5  -5
-5  -5  -5  -5  -5  -5  59  -5  -5  -5
56  -5  56  -5  -5  -5  -5  -5  -5  59
-5  58  -5  -5  57  58  -5  -5  -5  -5
-5  -5  -5  56  -5  -5  -5  -5  59  -5
57  -5  -5  -5  -5  -5  58  -5  -5  -5
-5  -5  59  -5  -5  58  57  -5  -5  59
-5  -5  -5  -5  -5  58  -5  -5  59  -5
-5  -5  -5  -5  57  57  -5  56  -5  56
-5  56  -5  58  57  -5  -5  -5  -5  59
58  57  -5  -5  -5  -5  -5  -5  -5  58
-5  -5  56  -5  -5  -5  -5  -5  -5  -5
-5  59  57  57  56  58  58  57  56  -5
-5  58  -5  57  -5  -5  -5  -5  -5  -5
59  57  -5  57  -5  -5  57  -5  -5  -5
-5  -5  -5  -5  -5  56  57  -5  -5  -5
-5  -5  58  57  59  56  -5  -5  -5  -5
57  58  57  58  -5  56  -5  -5  57  -5
-5  -5  56  -5  57  -5  -5  -5  -5  -5
-5  -5  57  57  58  56  56  -5  -5  -5
-5  -5  57  57  -5  59  57  59  57  -5
57  -5  -5  56  -5  58  -5  58  -5  -5
59  57  57  -5  -5  -5  -5  -5  -5  -5
-5  -5  -5  -5  -5  -5  57  59  56  57
-5  57  -5  57  -5  59  57  57  -5  58
-5  -5  -5  -5  -5  -5  -5  57  -5  -5
58  57  58  -5  58  -5  57  56  -5  -5
-5  -5  59  -5  -5  -5  -5  -5  -5  57
-5  57  -5  -5  58  57  57  56  -5  57
-5  -5  -5  -5  -5  -5  57  57  -5  -5
-5  59  58  56  -5  -5  56  -5  -5  -5
57  57  -5  -5  -5  -5  -5  -5  -5  57
57  -5  197  -5  -5  -5  58  -5  -5  -5
-5  -5  57  58  -5  -5  -5  58  56  -5
58  57  -5  -5  -5  -5  -5  56  59  -5
57  56  57  -5  -5  -5  57  -5  -5  -5
-5  59  -5  -5  57  -5  -5  56  -5  -5
56  56  -5  59  -5  58  -5  -5  56  -5
-5  -5  -5  60  -5  60  58  -5  -5  -5
57  59  -5  57  58  56  -5  -5  56  59
58  -5  57  58  -5  -5  57  57  -5  58
-5  -5  59  -5  57  -5  -5  57  -5  -5
-5  57  57  56  56  -5  -5  57  -5  -5
59  -5  -5  -5  57  -5  -5  -5  57  56
-5  -5  58  -5  -5  -5  -5  -5  -5  -5
56  56  57  58  58  -5  59  -5  58  58
58  58  58  -5  418  -5  -5  59  -5  -5
56  -5  -5  -5  57  59  -5  57  57  -5
59  -5  56  59  -5  -5  -5  -5  -5  57
-5  58  -5  -5  59  58  -5  -5  58  58
-5  -5  57  -5  -5  56  57  58  -5  -5
-5  -5  56  -5  -5  57  56  -5  -5  -5
-5  56  57  -5  57  57  57  -5  58  57
-5  98  57  56  -5  -5  58  58  -5  58
58  60  57  57  59  59  56  58  56  57
58  58  59  56  60  57  57  58  -5  59
-5  -5  58  57  60  59  58  56  58  58
58  56  57  59  56  58  60  58  59  57
56  58  59  58  59  60  57  57  58  60
57  57  56  58  -5  57  59  57  58  -5
56  59  -5  59  60  58  58  60  57  58
58  58  58  59  57  -5  56  -5  56  57
57  59  59  59  56  60  58  60  59  100
57  -5  -5  59  58  57  -5  58  -5  59
58  -5  59  56  57  57  59  58  58  58
58  -5  56  140  60  -5  58  59  59  58
-5  59  59  58  79  59  59  58  56  59
57  60  59  59  57  58  58  59  -5  60
57  60  59  79  -5  56  58  60  59  59
58  56  56  59  57  57  60  57  359  58
58  57  56  59  60  58  60  59  58  57
57  60  56  100  100  58  59  58  56  57
-5  59  -5  59  59  58  -5  58  57  58
57  56  57  -5  56  58  56  59  60  -5
58  -5  -5  59  59  119  57  59  57  -5
58  59  58  57  56  59  58  140  58  58
56  119  59  59  180  60  60  60  60  119
59  79  58  79  59  77  100  100  58  100
100  60  79  58  100  60  -5  119  98  57
60  58  58  60  57  60  140  60  -5  119
60  60  100  100  59  59  60  79  60  100
57  140  59  98  79  58  100  119  58  60
79  60  79  59  60  60  79  58  60  60
79  60  60  60  59  119  59  119  100  60
59  140  79  59  58  140  57  59  58  100
100  59  57  58  58  100  60  60  -5  58
100  -5  79  98  100  58  59  59  140  59
140  57  59  79  59  119  59  60  79  57
57  140  56  79  59  -5  58  100  140  59
79  -5  60  119  59  60  59  58  60  140
79  59  60  119  -5  60  59  60  59  300
56  -5  140  59  140  58  56  59  59  60
60  98  59  58  79  60  59  60  60  60
79  79  60  60  60  119  -5  140  140  79
-5  60  59  59  59  119  59  59  57  59
79  59  59  58  59  59  60  59  58  100
60  100  59  59  60  59  140  100  -5  79
60  100  60  59  58  60  -5  59  58  60
59  79  58  100  57  -5  100  119  60  59
60  58  79  59  59  59  59  60  60  140
58  60  59  60  100  79  57  140  140  119
79  60  58  58  58  140  79  59  57  58
58  59  58  59  59  119  60  79  58  58
100  57  59  79  58  58  119  59  57  58
56  60  79  58  119  60  58  100  60  140
59  119  79  140  60  140  79  59  100  -5
60  100  60  57  100  58  58  140  60  60
-5  -5  60  59  60  79  60  60  79  -5
59  60  98  57  59  79  60  -5  79  98
79  56  59  58  57  59  100  58  -5  100
59  79  119  100  59  60  60  140  100  60
140  140  59  58  59  59  100  58  140  60
98  79  58  59  100  119  140  59  100  -5
59  140  100  58  100  58  58  60  79  119
56  100  140  60  -5  140  59  60  58  60
57  58  140  58  59  60  60  57  -5  79
140  140  58  -5  140  58  140  59  58  60
59  59  60  60  60  60  60  57  58  59
60  77  -5  79  59  59  100  -5  59  79
59  59  60  140  60  60  59  58  60  58
100  100  58  100  -5  60  58  119  100  58
59  140  -5  60  60  57  59  58  57  60
119  58  59  140  119  59  60  60  100  60
58  79  59  59  119  79  79  60  60  59
57  58  79  119  59  100  59  60  140  140
100  58  79  58  59  60  58  60  58  58
60  59  100  60  119  59  58  58  119  60
60  60  100  59  60  79  119  58  59  140
59  60  100  60  59  59  59  60  119  60
60  59  59  -5  79  140  58  140  60  100
140  59  -5  59  58  58  60  56  79  60
119  59  -5  58  100  100  140  140  59  100
140  79  60  59  60  58  58  58  59  59
79  98  59  58  60  59  98  140  58  59
140  58  -5  140  60  57  60  60  140  79
-5  58  59  58  59  59  57  59  -5  60
59  60  140  98  57  79  58  59  59  60
100  59  140  140  59  57  60  58  60  59
60  58  60  140  79  58  59  59  60  100
60  59  59  59  58  58  60  58  140  60
59  60  58  58  -5  60  60  119  59  59
59  60  119  60  60  140  -5  140  98  100
59  59  57  59  58  59  58  59  57  60
59  57  58  59  140  60  119  59  -5  59
56  119  57  58  279  100  -5  119  59  58
58  60  -5  57  79  59  57  59  79  60
60  -5  60  60  59  60  140  59  178  59
58  59  60  60  58  60  100  79  -5  59
100  58  60  58  58  119  59  59  -5  100
59  79  60  119  59  -5  60  60  79  -5
60  60  59  60  140  57  58  59  59  -5
79  100  59  59  79  56  58  59  79  300
119  58  119  140  59  58  60  58  159  60
-5  56  -5  59  59  79  60  98  56  59
60  59  100  100  119  59  98  58  59  58
79  79  59  79  58  57  57  199  60  59
60  56  60  59  59  59  57  58  58  59
59  60  59  59  100  98  79  60  59  59
79  140  60  60  60  140  60  100  100  57
59  58  58  60  79  58  -5  59  58  60
57  58  58  59  100  60  58  140  59  119
100  58  60  100  58  59  100  260  59  58
58  79  -5  119  79  60  59  58  79  60
100  60  100  79  57  59  60  -5  56  58
59  140  100  58  -5  100  58  57  -5  60
59  58  58  58  60  57  100  58  279  59
119  -5  60  60  260  -5  -5  260  60  98
58  119  -5  59  59  58  60  57  58  59
60  59  58  59  140  98  59  58  57  100
79  140  58  59  -5  79  119  300  59  59
60  -5  57  -5  60  -5  60  -5  60  79
-5  60  60  59  79  58  60  60  59  59
159  60  100  60  -5  60  59  100  59  100
-5  59  59  60  140  100  -5  220  100  -5
58  58  58  60  58  -5  60  60  60  -5
59  100  60  220  -5  59  59  59  58  58
218  59  -5  79  199  60  59  79  -5  180
-5  -5  -5  -5  -5  -5  -5  98  159  59
220  180  220  58  119  -5  159  60  -5  -5
79  180  180  260  -5  159  -5  220  178  140
159  180  260  -5  119  239  260  -5  -5  -5
180  180  138  79  199  59  159  220  119  79
199  -5  220  220  260  57  138  60  59  260
199  -5  -5  220  58  157  157  380  260  197
79  58  260  260  -5  277  218  220  159  199
-5  58  119  -5  220  -5  157  119  359  260
159  140  176  180  220  199  140  239  58  239
178  -5  178  79  239  140  -5  140  178  138
-5  119  380  260  -5  180  178  220  60  58
300  197  59  199  -5  -5  180  -5  218  -5
138  260  260  77  100  98  218  220  260  159
180  180  58  178  260  220  220  239  159  -5
79  220  58  180  60  60  58  180  119  79
-5  260  220  218  77  159  119  197  -5  180
239  220  180  239  -5  79  260  260  239  -5
178  159  180  260  140  220  98  -5  220  260
79  220  380  159  218  119  239  300  138  140
-5  220  220  260  159  119  60  159  -5  -5
159  218  59  239  180  260  220  157  98  79
119  218  180  199  140  159  138  60  59  140
180  140  100  197  239  100  220  220  180  159
58  220  180  77  157  98  239  178  199  140
140  -5  180  -5  178  260  140  -5  140  138
220  340  117  180  260  220  180  138  180  -5
140  100  117  138  59  180  260  220  260  98
59  59  58  59  79  138  199  100  -5  239
239  -5  199  119  220  220  58  58  220  -5
-5  197  -5  260  58  176  220  239  220  220
59  119  140  220  -5  -5  420  60  239  79
119  199  -5  138  178  159  218  98  -5  -5
119  79  60  199  59  119  -5  180  159  340
159  140  159  100  220  178  59  119  180  119
138  98  260  220  260  59  100  199  180  138
58  260  59  -5  260  60  260  58  220  -5
119  199  -5  157  60  79  -5  220  159  98
96  140  199  58  -5  260  157  159  117  260
199  -5  119  136  180  199  140  56  59  260
157  100  180  159  220  239  59  220  57  180
220  -5  140  -5  239  178  220  60  159  260
180  199  239  119  98  98  180  220  119  79
98  180  -5  239  220  -5  138  180  180  260
57  180  199  159  220  60  260  220  260  178
98  100  239  218  159  178  260  220  220  159
180  140  140  -5  58  -5  279  159  58  -5
140  159  180  239  178  220  100  199  140  239
220  178  239  60  59  57  220  98  159  199
-5  180  119  239  220  77  60  100  239  -5
239  140  60  -5  220  220  140  159  159  -5
239  178  260  220  138  180  119  58  159  119
180  159  59  220  178  -5  119  159  180  -5
159  199  180  98  199  58  199  159  220  -5
239  -5  59  180  220  -5  159  -5  -5  59
220  58  57  220  79  157  260  180  79  176
180  159  199  159  138  -5  260  119  237  117
98  260  119  180  239  159  180  180  159  180
199  159  79  140  140  159  199  56  220  260
119  197  220  98  79  -5  159  119  220  220
60  119  58  59  119  57  79  79  60  199
-5  79  60  159  60  199  218  98  119  239
57  197  199  220  -5  220  220  119  260  220
60  -5  140  239  220  260  59  60  300  220
220  140  159  157  199  119  239  420  199  199
180  220  -5  159  159  79  180  -5  140  239
59  220  157  197  57  100  239  199  220  180
239  220  180  138  180  159  -5  220  117  220
199  59  178  59  180  199  100  56  218  199
159  260  58  -5  199  178  218  218  159  79
58  199  -5  60  -5  119  178  100  57  359
199  260  218  60  119  178  180  260  58  96
138  199  159  220  159  159  119  199  239  159
159  100  60  260  359  119  98  180  -5  260
260  180  60  98  199  -5  57  220  58  218
159  -5  279  199  140  180  159  59  159  260
159  140  199  79  180  100  178  -5  260  -5
380  -5  260  140  -5  220  420  260  138  220
138  60  178  199  60  319  138  -5  178  178
180  239  239  159  -5  100  180  79  359  260
220  220  140  119  159  176  -5  180  260  98
260  220  56  138  -5  79  96  220  180  199
58  220  138  199  140  220  140  199  140  119
239  220  -5  140  140  119  59  220  79  220
57  220  178  138  -5  138  260  60  98  138
220  260  180  279  98  -5  199  199  239  -5
77  300  180  180  59  -5  218  239  159  60
140  220  79  57  180  79  199  199  159  159
340  100  58  98  220  59  59  239  180  -5
180  199  220  119  119  260  180  138  399  260
159  140  180  59  100  260  140  -5  -5  98
180  159  180  159  239  260  79  56  260  -5
260  159  57  117  180  220  -5  180  79  59
60  239  79  119  220  157  178  220  100  60
58  159  60  60  100  260  119  260  60  98
-5  100  59  199  260  180  -5  159  138  119
98  180  57  -5  180  159  79  57  159  138
56  98  199  140  180  220  197  220  218  -5
59  180  -5  180  199  199  180  -5  199  159
180  220  -5  59  239  159  59  140  60  260
79  -5  159  140  239  140  176  140  178  220
157  119  60  260  -5  119  260  239  199  140
58  399  178  119  -5  58  138  197  140  140
58  119  279  260  199  199  220  199  159  180
59  60  180  176  220  138  79  159  159  159
239  119  220  260  218  180  220  159  159  57
57  159  239  159  100  180  119  218  399  60
220  58  60  -5  220  239  239  420  260  159
-5  58  100  220  60  119  79  119  180  60
138  220  57  180  79  98  260  -5  260  178
218  239  159  119  159  180  -5  180  119  239
239  319  199  119  140  159  399  159  220  180
220  60  260  59  199  60  -5  199  178  77
220  119  180  180  -5  60  220  140  -5  220
100  59  199  140  -5  239  100  100  100  -5
180  140  199  220  -5  79  260  180  220  59
79  220  138  159  180  180  220  58  180  279
180  100  -5  260  180  260  57  -5  220  199
199  119  60  119  140  79  180  220  239  119
239  159  98  59  239  239  59  59  239  220
220  220  136  260  159  -5  260  159  180  58
180  60  159  220  239  178  60  220  260  159
180  60  -5  -5  -5  59  59  -5  159  59
60  -5  -5  -5  380  420  399  420  420  258
-5  300  420  420  319  420  340  380  380  338
378  319  399  359  -5  380  -5  420  359  60
319  -5  359  340  319  220  319  298  420  -5
420  359  380  317  380  380  359  378  399  378
420  -5  -5  -5  220  319  420  258  77  260
-5  -5  340  420  -5  319  298  420  -5  340
239  178  359  420  338  220  338  420  380  378
340  380  380  258  378  380  380  359  359  420
300  300  -5  319  319  59  340  218  258  380
59  359  380  300  399  319  399  216  96  380
340  340  380  420  380  296  338  -5  319  399
420  98  378  359  380  117  359  380  378  340
420  399  340  357  380  319  420  420  319  359
420  380  357  340  220  399  420  260  380  319
399  340  279  -5  380  420  340  340  420  -5
340  -5  199  79  340  380  340  378  420  279
319  380  378  59  380  380  420  399  279  300
340  380  340  319  380  420  319  300  199  58
380  420  260  300  380  -5  319  380  399  420
338  359  399  420  199  340  420  380  399  380
380  60  -5  420  300  239  300  380  298  220
279  380  380  420  420  -5  359  279  220  359
258  420  340  359  60  260  140  380  380  380
380  -5  399  420  359  338  340  420  -5  220
338  380  380  340  420  420  279  399  300  -5
380  378  359  359  256  340  380  420  319  420
420  338  420  359  420  -5  319  298  359  420
420  340  359  380  298  300  380  359  220  199
239  378  319  399  340  399  340  340  359  380
399  420  -5  399  420  399  380  319  420  399
317  239  -5  420  380  380  359  300  420  300
319  420  340  380  -5  -5  399  380  380  380
359  340  399  340  -5  420  380  420  359  378
359  -5  319  239  298  340  380  420  359  420
340  340  399  399  300  420  340  -5  138  300
420  380  359  420  380  300  399  -5  420  380
420  399  340  220  359  380  300  -5  59  -5
340  359  420  380  -5  279  319  420  317  319
300  258  380  340  380  380  380  340  420  300
260  340  380  420  220  338  380  359  420  359
380  399  359  159  300  380  380  420  380  277
260  279  338  380  319  -5  -5  -5  -5  -5
-5  -5  -5  -5  -5  380  -5  -5  -5  -5
-5  -5  -5  -5  -5  -5  -5  -5  380  420
340  -5  380  338  319  399  420  380  138  239
319  319  399  340  399  338  218  378  380  380
359  -5  357  380  359  -5  399  378  359  380
420  359  319  380  340  399  338  380  380  -5
380  218  -5  380  420  399  420  340  359  420
340  399  399  380  359  420  239  319  -5  59
340  420  359  357  380  357  420  380  380  340
380  420  359  -5  260  319  298  359  359  239
300  338  359  300  399  -5  218  140  378  420
359  359  58  -5  -5  -5  -5  -5  -5  -5
-5  -5  -5  -5  -5  -5  -5  -5  -5  -5
-5  -5  -5  -5  -5  -5  -5  -5  -5  -5
-5  -5  359  399  420  399  359  420  380  340
197  420  300  -5  420  420  359  340  340  319
420  340  380  399  359  420  -5  279  -5  -5
340  420  319  420  359  300  380  -5  300  -5
220  380  216  340  378  -5  420  -5  380  420
180  239  319  260  298  399  420  -5  319  399
340  279  340  380  -5  420  340  340  380  59
340  380  340  -5  300  218  380  359  359  399
378  338  220  399  319  420  420  300  -5  -5
260  399  340  340  298  399  317  380  -5  300
298  338  420  378  380  420  380  420  298  420
380  420  420  399  319  420  378  340  -5  279
380  399  218  340  420  60  -5  300  340  359
-5  279  340  317  279  399  380  399  380  380
380  380  399  359  380  420  420  -5  -5  -5
-5  -5  -5  -5  -5  -5  -5  -5  -5  -5
-5  -5  -5  -5  -5  -5  -5  -5  -5  -5
-5  -5  -5  -5  -5  -5  -5  -5  -5  -5
300  -5  260  -5  319  -5  260  -5  -5  378
380  -5  340  359  -5  380  340  420  359  380
378  380  399  399  359  399  -5  420  340  420
380  420  359  58  359  399  380  399  399  338
380  319  420  399  -5  380  -5  298  399  359
399  420  380  399  340  420  338  420  359  340
380  239  399  340  359  340  -5  380  399  59
298  159  239  319  399  340  399  359  380  359
380  59  378  -5  380  420  338  340  420  420
300  -5  319  -5  239  399  319  300  298  399
380  279  420  420  420  399  319  260  340  340
378  380  380  359  -5  -5  -5  -5  197  -5
-5  -5  -5  -5  -5  -5  -5  -5  -5  -5
-5  -5  -5  -5  -5  -5  258  -5  -5  -5
216  -5  -5  -5  -5  -5  -5  -5  -5  -5
-5  -5  -5  -5  -5  -5  -5  -5  -5  -5
-5  216  260  338  420  -5  380  359  378  380
300  380  340  319  -5  340  319  420  380  399
298  260  -5  380  359  399  359  -5  420  319
420  340  -5  338  -5  420  378  380  340  380
340  380  380  420  359  58  420  -5  340  380
-5  -5  420  380  420  317  298  380  378  359
-5  340  420  380  399  380  338  420  420  -5
279  340  378  -5  359  -5  279  399  380  59
420  359  279  -5  420  420  399  359  380  279
279  300  340  399  60  378  -5  220  380  420
359  420  260  -5  380  359  359  -5  420  340
399  340  380  420  340  420  59  359  399  220
380  420  -5  420  338  340  -5  296  -5  -5
-5  -5  296  -5  -5  -5  -5  -5  -5  -5
-5  -5  -5  -5  -5  -5  -5  -5  -5  -5
-5  -5  380  -5  -5  -5  -5  -5  -5  -5
-5  -5  317  -5  -5  -5  -5  -5  -5  359
420  380  420  359  399  359  380  338  380  359
420  420  399  -5  340  420  340  298  340  380
380  260  380  359  338  -5  359  380  380  399
380  300  300  420  420  319  420  300  -5  199
319  420  380  399  -5  57  -5  338  -5  399
-5  -5  300  319  359  380  -5  359  359  399
199  300  340  319  -5  258  378  340  -5  420
399  380  317  338  -5  378  -5  60  -5  380
277  277  -5  57  340  399  300  420  338  380
380  340  159  359  319  300  359  399  -5  338
399  399  380  380  -5  -5  420  420  399  279
359  420  340  420  338  -5  300  319  -5  319
420  -5  300  420  -5  239  -5  380  380  338
359  420  399  340  -5  378  296  -5  -5  -5
-5  -5  -5  -5  -5  336  -5  -5  -5  -5
-5  -5  -5  -5  -5  -5  -5  -5  -5  -5
-5  -5  96  -5  -5  -5  319  359  218  399
338  -5  -5  399  420  420  359  399  -5  138
-5  359  279  -5  420  359  380  338  380  399
420  -5  378  420  399  60  340  420  220  359
359  420  279  -5  380  319  420  -5  260  359
60  359  420  359  380  -5  -5  380  380  359
359  -5  260  -5  -5  -5  359  59  420  420
60  420  300  319  260  -5  380  340  380  420
380  340  -5  420  319  300  340  380  260  338
319  340  378  380  -5  380  340  79  380  420
380  300  300  420  340  420  340  420  399  340
420  -5  -5  -5  -5  -5  -5  -5  -5  -5
-5  -5  -5  -5  -5  -5  -5  -5  -5  -5
-5  -5  -5  -5  -5  -5  -5  -5  -5  -5
-5  -5  -5  -5  -5  -5  -5  296  -5  -5
-5  -5  260  218  420  380  319  319  338  319
399  380  260  -5  340  399  420  319  420  420
298  -5  338  -5  258  298  420  399  100  420
380  380  -5  338  380  380  298  300  380  420
380  399  317  260  338  420  -5  300  420  420
159  260  239  380  317  258  -5  340  100  59
199  340  60  57  59  319  60  60  98  380
119  239  -5  -5  -5  -5  -5  -5  -5  -5
-5  -5  -5  -5  -5  -5  -5  -5  -5  -5
-5  -5  -5  -5  -5  -5  -5  -5  -5  -5
-5  -5  -5  -5  -5  -5  -5  -5  -5  -5
-5  -5  -5  -5  -5  -5  -5  -5  -5  -5
-5  -5  -5  -5  -5  -5  -5  60  380  59
-5  -5  260  57  420  298  420  340  359  420
420  -5  380  -5  -5  340  380  359  420  298
-5  399  359  359  380  -5  399  359  399  319
340  300  220  399  60  -5  260  -5  -5  -5
157  -5  60  420  -5  59  57  -5  57  57
-5  -5  279  420  319  277  359  380  -5  300
380  239  359  378  239  359  399  399  340  -5
-5  -5  296  -5  -5  -5  -5  -5  -5  -5
-5  -5  -5  -5  -5  338  -5  -5  -5  -5
60  260  -5  57  -5  -5  60  56  57  -5
300  60  60  57  -5  -5  199  -5  380  380
340  -5  -5  -5  -5  -5  -5  -5  -5  -5
-5  -5  -5  -5  -5  -5  -5  -5  -5  -5
-5  -5  -5  -5  -5  -5  -5  -5  -5  -5
237  359  420  420  399  378  298  239  420  399
298  359  -5  420  420  380  317  239  -5  359
380  420  359  380  420  239  378  340  380  420
-5  340  420  340  -5  340  420  199  258  279
298  359  340  380  399  -5  180  298  260  399
340  319  338  279  380  399  359  260  319  420
298  380  -5  -5  -5  -5  -5  -5  -5  -5
-5  79  -5  -5  58  58  -5  420  336  399
359  378  340  378  420  338  420  -5  279  380
319  380  359  300  300  380  -5  -5  399  340
279  359  216  260  340  340  380  359  380  420
258  359  420  380  420  359  60  359  159  359
380  380  420  58  380  380  98  -5  -5  -5
-5  -5  -5  -5  -5  -5  -5  -5  -5  -5
-5  -5  -5  -5  -5  -5  -5  -5  -5  -5
-5  -5  -5  -5  380  -5  -5  -5  -5  -5
-5  -5  -5  -5  -5  298  -5  -5  -5  -5
-5  -5  -5  -5  -5  -5  -5  -5  -5  -5
-5  -5  -5  -5  -5  319  -5  -5  -5  -5
-5  220  -5  -5  -5  -5  -5  -5  -5  -5
298  -5  -5  380  380  340  -5  -5  300  319
319  180  399  380  340  -5  -5  420  359  319
399  100  60  58  -5  300  399  -5  300  319
298  138  -5  -5  -5  58  237  378  -5  319
420  420  338  420  340  420  380  420  380  279
340  420  338  260  420  420  239  180  359  340
357  300  -5  -5  359  -5  399  -5  359  -5
399  340  -5  -5  300  -5  359  420  380  380
-5  59  59  340  -5  -5  79  57  220  300
340  58  180  239  -5  -5  59  -5  -5  60
58  -5  -5  -5  -5  58  359  380  340  300
380  399  216  359  380  420  -5  338  340  420
380  359  -5  420  340  399  380  420  359  380
359  420  260  380  359  340  319  159  -5  420
420  359  359  138  399  340  -5  279  -5  -5
-5  -5  -5  -5  -5  -5  -5  -5  -5  -5
-5  -5  -5  -5  -5  -5  -5  -5  -5  -5
-5  -5  -5  -5  -5  -5  -5  -5  399  340
420  296  260  -5  399  319  420  300  300  279
-5  420  -5  359  359  340  420  357  420  340
