0.13356900215148926
0.17656993865966797
0.26056957244873047
0.3455688953399658
0.38757777214050293
0.46756958961486816
0.5505695343017578
0.5935719013214111
0.6745688915252686
0.7691304683685303
0.9631311893463135
1.0041310787200928
1.0907809734344482
1.289790391921997
1.3337814807891846
1.4217815399169922
1.524348258972168
1.8138961791992188
2.5250425338745117
3.052642583847046
4.193957805633545
4.947495698928833
5.853684425354004
6.645843505859375
7.079850912094116
7.44269585609436
7.956852674484253
8.384401082992554
8.798976182937622
9.481563806533813
9.990082025527954
10.389147281646729
11.099305629730225
11.560905694961548
12.069488525390625
12.67175841331482
13.149877786636353
14.07758617401123
14.483193397521973
15.472292184829712
16.77053952217102
17.276794910430908
18.26990795135498
19.248051404953003
20.052738428115845
20.765379428863525
21.43293046951294
21.932610511779785
22.438528299331665
23.34210753440857
24.137678146362305
24.620677947998047
25.96564507484436
28.8854763507843
30.03212881088257
30.570682764053345
30.995514392852783
31.517056465148926
32.83967995643616
33.66074180603027
33.7127423286438
34.09038543701172
34.74470496177673
35.878687143325806
37.552809715270996
38.32306432723999
40.13538575172424
41.4505934715271
42.65896916389465
43.87447428703308
45.87235403060913
46.17691445350647
48.20991492271423
48.745450258255005
49.6965913772583
49.882164001464844
50.14775013923645
50.94030046463013
51.10596776008606
51.486968755722046
51.70352816581726
51.797070264816284
52.01607036590576
52.237608194351196
52.29860830307007
52.62168884277344
53.224830865859985
54.78129267692566
54.98529362678528
55.988646030426025
56.27926158905029
56.612261056900024
58.2734158039093
59.86013603210449
61.00829458236694
62.178046464920044
62.704259634017944
63.54758262634277
63.67158246040344
64.95722913742065
64.95722913742065
65.58078932762146
66.19045734405518
66.40745711326599
66.4564573764801
66.82151579856873
68.53170013427734
69.63238644599915
70.10004758834839
70.23704695701599
70.44004678726196
70.60004711151123
70.77965879440308
71.5972638130188
71.7348644733429
71.87242484092712
72.05942630767822
72.20195889472961
72.33195781707764
72.54895830154419
72.759938955307
73.22647857666016
73.66647863388062
74.13221025466919
76.22009515762329
79.06349110603333
80.40333986282349
81.86765336990356
82.20222568511963
82.42651271820068
82.655513048172
83.28564167022705
83.57864189147949
87.53655648231506
89.5853762626648
89.8622739315033
90.81504344940186
91.53161978721619
91.67862033843994
95.7295594215393
100.21566390991211
103.69497275352478
106.55127215385437
112.15207266807556
114.46957397460938
115.56923294067383
117.02912473678589
122.28473806381226
124.7300193309784
125.86854457855225
127.0683262348175
133.49930477142334
135.22523951530457
137.2610626220703
140.43830156326294
141.79905939102173
142.2481849193573
147.82371854782104
150.44295930862427
154.98905062675476
157.69343662261963
158.24913597106934
158.97169423103333
159.34125590324402
159.72126984596252
160.05590200424194
160.37244033813477
160.6954402923584
161.02798891067505
161.37955617904663
161.70655632019043
162.02811551094055
162.43970131874084
162.86381101608276
163.2053005695343
163.5296003818512
163.9459991455078
164.57867288589478
164.90325689315796
165.32981252670288
165.62680983543396
166.06535696983337
166.42550134658813
166.76306223869324
167.15259218215942
167.49259281158447
167.92019176483154
168.2577724456787
168.69977402687073
169.05577516555786
169.4462718963623
169.88215923309326
170.54899716377258
171.03231406211853
171.40692114830017
171.82447743415833
172.46269822120667
172.81828427314758
173.1648907661438
173.56089091300964
173.56089091300964
173.82157635688782
174.16172003746033
174.539160490036
174.96580815315247
175.23598861694336
175.65898776054382
175.9765660762787
176.7057433128357
177.11090350151062
177.465904712677
177.84490656852722
178.29604697227478
178.6960518360138
178.9476363658905
179.32918405532837
179.66918420791626
180.0128231048584
180.43622875213623
180.767822265625
181.21836638450623
181.53136587142944
182.15793561935425
182.59851455688477
182.99451088905334
183.3050389289856
183.74028420448303
184.1012716293335
184.50681853294373
184.93393564224243
185.19651865959167
185.69151830673218
186.06284832954407
186.38696789741516
186.7675268650055
187.10015964508057
187.43395495414734
188.07051348686218
188.44129848480225
188.75284051895142
189.0914113521576
189.48440957069397
189.83698153495789
190.23719096183777
190.6011905670166
190.99772667884827
191.37826323509216
191.70326399803162
192.12744545936584
192.50201225280762
192.90643501281738
193.31004691123962
193.98759984970093
194.30978178977966
194.7052936553955
195.05586171150208
195.4134750366211
195.73110699653625
196.15165424346924
196.4972538948059
196.84084582328796
197.17140984535217
197.54241108894348
197.94203567504883
198.2939887046814
198.64698910713196
198.98654055595398
199.7306776046753
200.10854482650757
200.51158833503723
200.88773655891418
201.1818130016327
201.5308120250702
201.84015536308289
202.0977201461792
202.43753623962402
202.83739376068115
203.18628978729248
203.52239155769348
203.8692057132721
204.27336955070496
204.63736987113953
205.04692912101746
205.78624963760376
206.14778804779053
206.53938913345337
206.86693906784058
207.23148131370544
207.61848211288452
207.96075415611267
208.30995154380798
208.71594977378845
209.0665156841278
209.3951234817505
209.72612237930298
210.1142292022705
210.4743254184723
211.184490442276
211.52848982810974
211.94908022880554
211.94908022880554
212.2891993522644
212.59719967842102
212.93775820732117
213.24893617630005
213.5719449520111
213.93147492408752
214.32616758346558
214.6896734237671
215.02919745445251
215.4357578754425
215.8324511051178
216.2545268535614
216.92875289916992
217.3353328704834
217.7156846523285
218.09984278678894
218.52540707588196
218.88347220420837
219.27903532981873
219.61703634262085
219.96963453292847
220.29479122161865
220.63779163360596
220.9703710079193
221.37493133544922
221.7245101928711
222.1841106414795
222.82872366905212
223.22530269622803
223.5473027229309
223.89277863502502
224.31386351585388
224.56698060035706
224.90772771835327
225.30026960372925
225.61044049263
225.9404318332672
226.20212817192078
226.4986937046051
226.8342695236206
227.24550938606262
227.5615086555481
227.9222629070282
228.57314682006836
228.97125911712646
229.38837575912476
229.8269920349121
230.2555296421051
230.61515522003174
231.06220245361328
231.44278478622437
231.76433897018433
232.01847457885742
232.5266296863556
232.81031775474548
233.13308835029602
233.5404622554779
234.23018980026245
234.55544233322144
234.96907496452332
235.43100309371948
235.78297901153564
236.14504599571228
236.5455915927887
236.90015077590942
237.33751916885376
237.7384593486786
238.06014108657837
238.40830898284912
238.845778465271
239.17846822738647
239.5146360397339
240.2878623008728
240.64475202560425
240.99196696281433
241.3375096321106
241.72230315208435
242.16994285583496
242.4997410774231
242.9325830936432
243.38339400291443
243.79993510246277
244.16789937019348
244.58231401443481
244.95068955421448
245.27569031715393
245.96878743171692
246.29702377319336
246.73201298713684
247.05834794044495
247.47047305107117
247.78802871704102
248.05802989006042
248.48622798919678
248.87716269493103
249.34992504119873
249.76680278778076
250.12792491912842
250.54204726219177
250.54204726219177
250.9417474269867
251.31633949279785
251.95441961288452
252.41406440734863
252.82782006263733
253.26040029525757
253.67340111732483
253.99546360969543
254.26428318023682
254.67789149284363
254.97540140151978
255.2414093017578
255.62040901184082
255.97795915603638
256.29850578308105
256.62663888931274
257.0361969470978
257.71969723701477
258.04730677604675
258.375540971756
258.7677438259125
259.1013226509094
259.4133229255676
259.74191546440125
260.064923286438
260.3909230232239
260.7389907836914
261.08183455467224
261.41383385658264
261.7424590587616
262.0454595088959
262.45836782455444
262.7273647785187
263.4314432144165
263.79998803138733
264.16735315322876
264.60801339149475
264.9516088962555
265.3390197753906
265.6761100292206
266.09448194503784
266.47204637527466
266.8559904098511
267.12754559516907
267.5625445842743
267.9485239982605
268.3760793209076
269.0346384048462
269.4022011756897
269.68520045280457
270.03481101989746
270.38547444343567
270.71303367614746
271.11327266693115
271.4751658439636
271.78772377967834
272.14841961860657
272.49874114990234
272.8847556114197
273.2246468067169
273.5693485736847
273.9672133922577
274.33326959609985
274.9546229839325
275.3042936325073
275.6362929344177
275.92490339279175
276.32004022598267
276.6673512458801
276.98139333724976
277.4142007827759
277.7517559528351
278.0707550048828
278.5179030895233
278.84996366500854
279.20340609550476
279.526483297348
279.8701527118683
280.2486972808838
280.876033782959
281.25804138183594
281.5980405807495
281.9223680496216
282.1769015789032
282.50349283218384
282.7952492237091
283.1217999458313
283.4820547103882
283.8971574306488
284.22807812690735
284.6623616218567
284.9851791858673
285.32540011405945
285.6643805503845
286.0074577331543
286.7264175415039
287.0868513584137
287.41685223579407
287.82189321517944
287.82189321517944
288.1853177547455
288.59583377838135
289.0105047225952
289.27605843544006
289.6569502353668
290.00223326683044
290.3272924423218
290.7486436367035
291.1118495464325
291.52455258369446
291.8347418308258
292.6536777019501
293.0854208469391
293.40287041664124
293.7695457935333
294.097363948822
294.58437037467957
295.11851024627686
295.4435136318207
295.78054022789
296.20641708374023
296.54989552497864
296.8719849586487
297.31229162216187
297.68986773490906
298.42726826667786
298.8234796524048
299.09103202819824
299.5790319442749
299.93313932418823
300.29627656936646
300.67644715309143
301.03800439834595
301.384574174881
301.7856605052948
302.137300491333
302.60284900665283
303.09808564186096
303.52408480644226
304.375910282135
304.8092887401581
305.173850774765
305.6268501281738
306.19213104248047
306.55274772644043
306.8913164138794
307.2956712245941
307.6823890209198
308.1159427165985
308.4369418621063
308.77882146835327
309.1178870201111
309.4768867492676
310.3450412750244
310.755131483078
311.0301320552826
311.42526626586914
311.77390146255493
312.1194577217102
312.385457277298
312.78505301475525
313.0520541667938
313.3915581703186
313.8056170940399
314.17092776298523
314.49792861938477
314.8210964202881
315.24965047836304
315.69264960289
316.46167826652527
316.8280165195465
317.1825566291809
317.61155676841736
318.0361087322235
318.4867880344391
318.8540515899658
319.19605135917664
319.5350513458252
320.04662680625916
320.4202091693878
320.7531156539917
321.1657862663269
321.5283713340759
321.786425113678
322.6028892993927
323.0431191921234
323.4032037258148
323.7367784976959
324.1797785758972
324.44377851486206
324.86594915390015
325.23094964027405
325.6659505367279
325.99903774261475
326.3558609485626
326.7949867248535
327.2155854701996
327.560585975647
327.82653045654297
327.82653045654297
328.57558369636536
328.9669361114502
329.32102823257446
329.671026468277
330.00810623168945
330.4237382411957
330.76985359191895
331.13344383239746
331.561696767807
331.97423458099365
332.33936619758606
332.7350058555603
333.0986588001251
333.42465710639954
334.2437460422516
334.5897479057312
335.0119023323059
335.3524441719055
335.66244411468506
336.09370827674866
336.4692220687866
336.887971162796
337.2354278564453
337.57527017593384
337.8399221897125
338.1369216442108
338.47362756729126
338.8377420902252
339.23498797416687
339.6159882545471
340.33464789390564
340.6736490726471
341.1167871952057
341.4507873058319
341.7634677886963
342.1330621242523
342.53506207466125
342.91040325164795
343.25195598602295
343.6819577217102
344.19713711738586
344.5291361808777
344.8066871166229
345.11545276641846
345.4360201358795
346.1527123451233
346.4732644557953
346.81236028671265
347.2614448070526
347.6304450035095
348.0841066837311
348.42610716819763
348.7669222354889
349.1970179080963
349.61501932144165
349.973566532135
350.3999671936035
350.8431649208069
351.16074776649475
351.53090476989746
352.35415267944336
352.7868103981018
353.1719138622284
353.5810787677765
354.01349925994873
354.4584846496582
354.8326060771942
355.2498116493225
355.60081124305725
355.959397315979
356.4049348831177
356.8091163635254
357.1609535217285
357.52295422554016
358.3432729244232
358.69196581840515
359.099867105484
359.469868183136
359.8054916858673
360.21570682525635
360.58870816230774
360.950142621994
361.27119159698486
361.5951919555664
361.9178137779236
362.3438217639923
362.7279121875763
363.158056974411
363.61643409729004
364.43996715545654
364.746351480484
365.09867429733276
365.4372148513794
365.7545051574707
366.2057771682739
366.54178500175476
366.9932405948639
367.3588137626648
367.7884931564331
367.7884931564331
368.3284921646118
368.6914930343628
369.1059741973877
369.5479702949524
370.3220992088318
370.7457070350647
371.0803003311157
371.43489837646484
371.88001227378845
372.2900958061218
372.76170110702515
373.1825611591339
373.56293535232544
373.8986735343933
374.3296813964844
374.7438507080078
375.13350439071655
375.564505815506
376.306875705719
376.7108738422394
377.17034912109375
377.6133484840393
377.9588987827301
378.29144835472107
378.69844818115234
379.0212962627411
379.40129685401917
379.81184458732605
380.1803958415985
380.58589696884155
381.03639030456543
381.48146653175354
382.2517874240875
382.5889024734497
382.91852355003357
383.23806643486023
383.4980661869049
383.9122896194458
384.27029728889465
384.5832962989807
384.95700907707214
385.2862548828125
385.8138475418091
386.14646005630493
386.59946036338806
386.95565485954285
387.31123995780945
388.14439940452576
388.4778618812561
388.8199932575226
389.2528648376465
389.69877648353577
390.0730719566345
390.4022960662842
390.7579207420349
391.1541094779968
391.5371091365814
391.8897018432617
392.3166947364807
392.7742578983307
393.0984082221985
393.5144078731537
394.2827889919281
394.62178921699524
394.9464659690857
395.31907510757446
395.6407563686371
395.9934251308441
396.4099328517914
396.84134459495544
397.2131154537201
397.6374146938324
397.9829263687134
398.35094165802
398.6899416446686
399.0360960960388
399.38964557647705
400.2006447315216
400.56664776802063
401.0736804008484
401.4212441444397
401.85057258605957
402.1851179599762
402.6291170120239
402.8915808200836
403.31278920173645
403.6968033313751
404.09241008758545
404.44441080093384
404.765212059021
405.11192417144775
405.48093008995056
406.20851469039917
406.5385217666626
406.9731307029724
407.43729305267334
407.8938708305359
408.3044216632843
408.6274209022522
408.6274209022522
408.97997975349426
409.439076423645
409.78064823150635
410.22368025779724
410.6406798362732
411.02862572669983
411.3476254940033
412.154825925827
412.49990367889404
412.97145438194275
413.32656145095825
413.7290983200073
414.1110694408417
414.5158338546753
414.87696385383606
415.29119753837585
415.65519642829895
415.99280309677124
416.3263576030731
416.7480082511902
417.19257974624634
418.03947043418884
418.38547801971436
418.7667820453644
419.17389607429504
419.54189705848694
419.9674971103668
420.33308696746826
420.7712481021881
421.1213939189911
421.46695137023926
421.96949100494385
422.231835603714
422.80246090888977
423.2026572227478
423.56966853141785
424.331120967865
424.74069333076477
425.07429552078247
425.45791935920715
425.78763580322266
426.10499906539917
426.44000124931335
426.770578622818
427.1365132331848
427.58443307876587
427.94416999816895
428.28516960144043
428.6301701068878
429.0307855606079
429.3669271469116
430.1951882839203
430.54218792915344
430.91979360580444
431.3353908061981
431.61638045310974
432.0266396999359
432.3972465991974
432.73172783851624
433.1638777256012
433.68987703323364
434.041437625885
434.4690828323364
434.81266593933105
435.18886709213257
435.5888648033142
436.36329913139343
436.6912989616394
437.12269401550293
437.4936935901642
437.81524872779846
438.15820574760437
438.4835886955261
438.82813262939453
439.1685481071472
439.59326672554016
439.93512082099915
440.4256749153137
440.83125257492065
441.1808702945709
441.52387022972107
442.261043548584
442.620564699173
443.05113792419434
443.3708188533783
443.64380979537964
443.96505546569824
444.2914969921112
444.74705505371094
445.08363795280457
445.4222707748413
445.7738435268402
446.1709542274475
446.5499532222748
446.89002799987793
447.296861410141
448.18546628952026
448.5242817401886
448.8977897167206
448.8977897167206
449.2789931297302
449.6139941215515
449.9396378993988
450.34822058677673
450.7012209892273
450.9647784233093
451.3709261417389
451.7346034049988
452.0918264389038
452.5438234806061
452.93838238716125
453.38748574256897
453.7315664291382
454.47522735595703
454.81483221054077
455.1834752559662
455.73761081695557
456.1471519470215
456.52115273475647
456.9477422237396
457.36496591567993
457.71263337135315
458.0938069820404
458.5288097858429
458.86380887031555
459.2877197265625
459.65371894836426
460.41667675971985
460.82824659347534
461.2752113342285
461.6692180633545
462.08191657066345
462.4643669128418
462.8890902996063
463.4068465232849
463.73860573768616
464.0796139240265
464.5402102470398
464.9137809276581
465.2379937171936
465.55899381637573
465.80169701576233
466.5472981929779
466.9878942966461
467.3645465373993
467.81256771087646
468.14826345443726
468.55226278305054
468.8833746910095
469.2273712158203
469.5613205432892
469.87899589538574
470.33478593826294
470.72383522987366
471.067822933197
471.51245617866516
472.3440463542938
472.70248079299927
473.1387708187103
473.5309958457947
473.96385169029236
474.3145663738251
474.7148630619049
475.1549332141876
475.5085620880127
475.97015929222107
476.2847001552582
476.6537003517151
477.06486916542053
477.39364099502563
477.83895349502563
478.60571694374084
478.9512565135956
479.27881264686584
479.6197340488434
479.96341133117676
480.3004813194275
480.56348180770874
480.9705400466919
481.30886125564575
481.7554500102997
482.1130545139313
482.4420540332794
482.7856812477112
483.17224287986755
483.5117962360382
483.8463351726532
484.59660959243774
485.06055212020874
485.39573788642883
485.84879326820374
486.27234721183777
486.73288774490356
487.17547035217285
487.5926287174225
488.06870889663696
488.47528743743896
488.82726097106934
489.16149163246155
489.16149163246155
489.50231075286865
489.8769021034241
490.8086121082306
491.2502088546753
491.59431171417236
492.0488884449005
492.39445543289185
492.7840554714203
493.19161462783813
493.6526222229004
494.1022047996521
494.439204454422
494.7471194267273
495.12069153785706
495.5347533226013
496.5250141620636
496.9118273258209
497.33389019966125
497.6852924823761
498.0102822780609
498.3696115016937
498.8196883201599
499.2632713317871
499.6764302253723
500.02608489990234
500.3887188434601
500.69971919059753
500.98429560661316
501.42255425453186
501.8505747318268
502.7217319011688
503.09530210494995
503.5134253501892
503.9733953475952
504.45423698425293
504.8771526813507
505.3390688896179
505.7421064376831
506.02210664749146
506.3537452220917
506.86197090148926
507.3445281982422
507.75745940208435
508.0915412902832
508.913104057312
509.25270533561707
509.66624188423157
510.1209831237793
510.47968077659607
510.8322477340698
511.1808259487152
511.49788308143616
511.845018863678
512.3586232662201
512.8087117671967
513.1687123775482
513.5342681407928
513.9807553291321
514.8369748592377
515.1905164718628
515.5160527229309
515.8540937900543
516.2234215736389
516.5832226276398
516.9877276420593
517.3755934238434
517.8796501159668
518.3236501216888
518.7086496353149
519.1236510276794
519.45965051651
519.847650051117
520.1686501502991
521.0756506919861
521.4316623210907
521.7931733131409
522.1846842765808
522.6714422702789
523.0258502960205
523.3534731864929
523.6910490989685
524.1181063652039
524.4815142154694
524.834636926651
525.41273188591
526.0572528839111
526.423802614212
527.2969613075256
527.6485228538513
528.076073884964
528.4416270256042
528.8713126182556
529.2493917942047
529.5976688861847
530.0337722301483
530.3763864040375
530.6907651424408
531.0495533943176
531.471156835556
531.471156835556
531.921804189682
532.296767950058
533.1707329750061
533.5443398952484
533.8888976573944
534.3052361011505
534.8125343322754
535.2466876506805
535.6503031253815
535.9879021644592
536.3335373401642
536.6755373477936
536.9361364841461
537.3372642993927
537.6163957118988
538.0432729721069
538.3812792301178
538.6970248222351
539.5124287605286
539.9615075588226
540.3910734653473
540.7616803646088
541.2175500392914
541.6241495609283
541.9957315921783
542.4042661190033
542.775856256485
543.1105625629425
543.6345615386963
544.1167621612549
544.4547612667084
545.3272731304169
545.588130235672
546.089275598526
546.4708485603333
546.921492099762
547.4357249736786
547.8108947277069
548.136358499527
548.4903593063354
548.8844227790833
549.3635983467102
549.7051568031311
550.1643722057343
550.5043787956238
550.8414046764374
551.6351587772369
551.9849529266357
552.416512966156
552.7625460624695
553.0835545063019
553.4275548458099
553.7698378562927
554.103394985199
554.4203958511353
554.7901797294617
555.2044885158539
555.5724875926971
556.0313656330109
556.3684010505676
556.8209719657898
557.7050831317902
558.2280058860779
558.5570182800293
558.9179005622864
559.2966179847717
559.7071669101715
560.0699455738068
560.4965064525604
560.8560559749603
561.2876999378204
561.6422393321991
562.0617926120758
562.4065899848938
562.7758326530457
563.6801497936249
564.0594141483307
564.481502532959
564.8471024036407
565.2715213298798
565.6385340690613
566.0490338802338
566.4158773422241
566.8302919864655
567.219587802887
567.6541945934296
568.0810654163361
568.4247860908508
568.870855808258
569.6895208358765
570.0750694274902
570.5066287517548
571.0396757125854
571.3842220306396
571.7544980049133
572.1770842075348
572.605306148529
573.0462691783905
573.421421289444
