138
222
308
400
475
559
647
724
808
921
1158
1241
1339
1557
1639
1745
1867
2211
3100
3775
5179
6119
6909
7865
8442
8854
9523
10078
10615
11494
12149
12649
13297
13859
14513
15294
15889
17117
17662
18914
20255
20926
22237
23476
24498
25394
25962
26602
27242
28399
29397
29923
31464
34479
35874
36575
37116
37741
39081
40079
40155
40611
41320
42606
44443
45104
47287
48895
50313
51553
53991
54367
56467
57114
57958
58167
58481
59408
59639
60058
60342
60430
60681
60952
61048
61429
62075
63571
63723
64527
64871
65229
67065
68814
70072
71051
71666
72589
72719
74167
74167
74879
75544
75787
75863
76286
77921
79119
79647
79822
80034
80243
80415
81323
81489
81651
81837
82013
82173
82411
82637
83178
83354
83881
86235
89430
90653
92322
92693
92947
93203
93951
94245
98349
100641
100981
102041
102542
102734
107251
111942
115516
118699
124599
127183
128101
129699
135227
137935
139181
140441
147035
148647
150869
153999
155519
156009
161723
164141
168823
171803
172444
172958
173437
173854
174269
174622
175009
175393
175836
176222
176605
177081
177599
178022
178401
178878
179292
179690
180190
180510
181021
181468
181881
182300
182717
183204
183613
184127
184564
184990
185507
185889
186272
186749
187231
187711
188127
188512
188960
188960
189280
189692
190110
190626
190971
191453
191836
192356
192831
193279
193725
194270
194721
195042
195486
195898
196324
196829
197218
197755
198110
198495
199039
199481
199840
200350
200801
201246
201750
202099
202654
203132
203515
203926
204321
204704
205085
205563
205923
206334
206782
207198
207644
208096
208544
209023
209381
209846
210302
210719
211166
211582
211946
212391
212797
213213
213566
214045
214430
214812
215197
215645
216092
216509
216934
217308
217766
218211
218654
219102
219427
219870
220222
220541
220927
221344
221759
222142
222558
223006
223454
223932
224415
224868
225308
225697
226174
226590
227003
227422
227874
228318
228702
229098
229535
229989
230432
230845
231328
231328
231741
232096
232509
232870
233256
233720
234145
234590
235006
235487
235944
236447
236894
237346
237821
238239
238755
239200
239649
240053
240480
240860
241248
241633
242081
242495
243044
243426
243868
244253
244670
245150
245470
245887
246332
246690
247079
247418
247739
248126
248606
248995
249442
249854
250303
250785
251295
251811
252260
252798
253213
253597
253917
254495
254842
255199
255677
256092
256480
256932
257446
257854
258300
258748
259168
259676
260124
260512
260925
261435
261808
262202
262684
263097
263518
263932
264361
264862
265250
265764
266301
266780
267230
267682
268095
268446
268895
269282
269789
270179
270653
271009
271354
271838
272286
272862
273343
273789
274272
274272
274719
275171
275516
276066
276539
277051
277553
277918
278266
278748
279068
279423
279841
280287
280672
281087
281566
281948
282333
282717
283168
283582
283934
284332
284716
285085
285501
285916
286301
286686
287030
287513
287869
288253
288649
289118
289631
290043
290466
290874
291360
291839
292254
292606
293119
293533
294046
294428
294878
295177
295612
296028
296412
296866
297308
297659
298081
298494
298908
299317
299740
300188
300639
300961
301373
301728
302077
302492
302910
303263
303778
304188
304567
305084
305467
305888
306270
306687
307100
307455
307868
308256
308638
308957
309342
309660
310046
310495
310972
311357
311845
312220
312638
313055
313471
313886
314329
314718
315168
315168
315616
316095
316574
316926
317342
317759
318141
318624
319075
319548
319905
320447
320959
321310
321790
322174
322719
323357
323743
324157
324636
325053
325408
325917
326393
326751
327200
327550
328096
328508
328956
329373
329823
330238
330654
331036
331548
332129
332604
333119
333602
334046
334562
335165
335582
335964
336412
336891
337374
337721
338105
338465
338879
339422
339874
340223
340638
341054
341438
341753
342176
342525
342911
343357
343807
344165
344534
344990
345502
345890
346333
346748
347234
347710
348196
348638
349023
349437
349980
350430
350815
351261
351677
351988
352419
352928
353343
353727
354209
354528
355002
355430
355935
356317
356734
357214
357660
358048
358386
358386
358773
359196
359611
360034
360418
360868
361279
361723
362217
362686
363128
363553
364000
364351
364896
365307
365790
366181
366527
367007
367456
367905
368319
368700
369022
369339
369727
370173
370589
371037
371430
371812
372319
372706
373054
373499
373918
374368
374781
375271
375839
376222
376574
376895
377278
377663
378012
378399
378911
379369
379901
380286
380671
381156
381627
382044
382527
383037
383395
383847
384317
384802
385272
385726
386212
386724
387167
387618
388026
388444
388962
389407
389821
390246
390717
391138
391586
392028
392415
392867
393312
393724
394086
394460
394812
395302
395771
396256
396797
397278
397599
398012
398396
398753
399262
399646
400159
400605
401084
401084
401692
402140
402594
403100
403554
404027
404412
404835
405346
405793
406365
406815
407292
407676
408160
408604
409086
409566
409982
410431
410977
411484
411901
412285
412732
413091
413541
413980
414434
414877
415394
415902
416351
416735
417116
417470
417788
418237
418652
419007
419453
419807
420389
420766
421281
421692
422111
422590
422945
423357
423839
424353
424797
425182
425599
426017
426467
426877
427360
427900
428261
428700
429119
429499
429856
430305
430654
431075
431551
432029
432478
432924
433314
433759
434144
434531
434941
435420
435837
436383
436798
437283
437668
438176
438500
438970
439422
439837
440254
440609
441021
441471
441852
442208
442687
443232
443772
444220
444577
444577
444991
445532
445920
446430
446878
447358
447715
448160
448541
449086
449506
449957
450430
450874
451322
451773
452192
452576
452956
453410
453920
454434
454818
455263
455710
456159
456635
457054
457566
457982
458365
458910
459234
459902
460320
460764
461180
461605
461981
462459
462824
463166
463548
463907
464353
464861
465277
465663
466047
466484
466878
467356
467745
468190
468640
468990
469438
469887
470268
470750
471333
471742
472222
472611
473087
473508
473950
474323
474781
475230
475581
475967
476319
476709
477115
477597
477983
478561
479007
479423
479805
480187
480608
481087
481438
481790
482142
482509
483037
483421
483806
484222
484636
485085
485475
485920
486428
486816
487265
487265
487679
488058
488414
488860
489274
489598
490046
490465
490879
491391
491806
492325
492734
493090
493477
493918
494558
495007
495456
495933
496397
496803
497277
497759
498147
498623
499036
499422
499875
500385
500859
501283
501758
502242
502816
503200
503581
504094
504546
504892
505249
505534
505904
506402
506850
507360
507743
508192
508579
508989
509374
509725
510249
510717
511100
511582
512031
512445
512932
513407
513885
514297
514723
515231
515644
516197
516538
516959
517404
517793
518305
518687
519098
519456
519836
520226
520610
520931
521377
521760
522271
522684
523040
523420
523899
524286
524669
524987
525541
525925
526434
526911
527460
527966
528420
528995
529436
529823
530206
530206
530600
531046
531619
532124
532508
533020
533410
533887
534333
534876
535388
535775
536093
536544
536999
537628
538108
538584
538972
539326
539743
540266
540768
541217
541631
542046
542370
542718
543202
543679
544158
544605
545058
545576
546140
546623
547170
547616
547966
548349
548900
549472
549918
550308
550752
551135
551584
552097
552510
552933
553341
553696
554110
554657
555168
555582
555999
556510
556956
557375
557727
558109
558527
558942
559390
559870
560415
560924
561406
561855
562209
562683
563042
563484
563871
564286
564700
565225
565630
565981
566370
566845
567264
567677
568318
569000
569437
569886
570303
570784
571193
571676
572126
572537
573025
573415
573756
574178
574621
574621
575133
575582
576032
576479
576864
577313
577914
578403
578841
579228
579629
580028
580347
580771
581117
581598
581990
582335
582755
583266
583740
584164
584672
585119
585567
586019
586464
586850
587424
588000
588386
588861
589183
589726
590174
590690
591266
591720
592099
592508
592926
593501
593884
594396
594782
595166
595552
595964
596451
596829
597182
597565
597950
598333
598689
599138
599582
600032
600544
600924
601471
601954
602530
602906
603323
603775
604220
604640
605118
605532
606015
606429
606876
607265
607710
608160
608611
609083
609505
609956
610404
610848
611292
611746
612223
612704
613155
613562
614077
614435
614910
615393
615965
616350
616796
617278
617759
618270
618721
618721
619257
619646
620064
620573
620962
621346
621916
622494
622972
623419
623776
624127
624540
624926
625503
625891
626270
626685
627165
627551
627966
628414
628799
629348
629920
630373
630944
631325
631776
632223
632674
633149
633533
633885
634237
634685
635070
635517
635938
636327
636797
637216
637693
638110
638696
639200
639647
