-5.0
-5.0
-5.0
-5.0
-5.0
-5.0
-5.0
-5.0
-5.0
-5.0
-5.0
-5.0
-5.0
-5.0
-5.0
-5.0
-5.0
-5.0
-5.0
-5.0
-5.0
-5.0
-5.0
-5.0
-5.0
-5.0
-5.0
-5.0
-5.0
-5.0
-5.0
-5.0
-5.0
-1.9499999999999997
-1.005
-0.16449999999999987
-0.6480499999999999
-1.0832449999999998
-1.4749204999999999
-1.82742845
-2.1446856050000003
-2.4302170445
-2.68719534005
-2.918475806045
-3.1266282254405002
-3.3139654028964505
-3.4825688626068056
-3.634311976346125
-3.7708807787115126
-3.893792700840361
-4.004413430756325
-4.103972087680693
-4.1935748789126235
-4.274217391021361
-4.346795651919225
-0.9421160867273022
-1.3479044780545721
-1.713114030249115
-2.041802627224204
-2.3376223645017835
-2.6038601280516054
-2.843474115246445
-3.0591267037218004
-3.2532140333496202
-3.427892630014658
-3.5851033670131924
-3.7265930303118733
-3.853933727280686
-3.9685403545526174
-4.071686319097356
-4.164517687187621
-2.5580659184688583
-2.8022593266219724
5.857966606040225
7.6221699454362035
6.359952950892583
5.223957655803325
6.861561890222993
5.6754057012006935
12.307865131080625
13.097078617972562
11.287370756175306
17.358633680557777
46.222770312502
46.1504932812518
71.29544395312662
64.30589955781396
62.515309602032566
55.76377864182931
49.68740077764638
44.218660699881745
39.29679462989357
34.86711516690421
30.880403650213793
27.292363285192415
24.063126956673173
21.156814261005856
18.54113283490527
16.187019551414743
14.06831759627327
14.06831759627327
12.161485836645943
10.445337252981348
8.900803527683214
7.510723174914894
6.259650857423405
5.133685771681065
4.120317194512959
3.208285475061663
2.3874569275554967
1.648711234799947
0.9838401113199524
0.3854561001879572
-0.15308950983083852
-0.6377805588477546
-1.0740025029629792
-1.4666022526666813
-1.8199420274000133
-2.137947824660012
-2.4241530421940105
-2.6817377379746095
-2.9135639641771487
-3.122207567759434
-3.309986810983491
-3.478988129885142
-3.631089316896628
-3.147980385206965
-0.3031823466862682
-0.7728641120176414
-1.1955777008158772
-1.5760199307342895
-1.9184179376608606
-2.2265761438947744
-2.503918529505297
-2.7535266765547672
-2.9781740088992907
-2.550356608009362
-2.7953209472084257
-3.0157888524875833
-3.214209967238825
-3.3927889705149425
-3.5535100734634484
-3.6981590661171038
-3.8283431595053936
-3.945508843554854
-4.050957959199369
-4.145862163279432
-4.231275946951489
-4.308148352256341
-4.377333517030706
-4.4396001653276365
-4.495640148794873
-4.546076133915386
-4.591468520523847
-4.632321668471462
-4.669089501624316
-4.702180551461884
-4.091962496315697
5.447233753315874
4.402510377984287
16.53225934018586
48.81903340616727
73.37713006555055
98.7194170589955
120.32747535309596
145.45472781778636
161.14925503600773
182.19432953240695
196.04489657916625
214.80040692124965
218.3403662291247
234.84632960621224
244.67169664559103
253.97452698103194
259.46707428292876
268.85036685463587
275.1053301691723
284.35479715225506
285.37931743702956
284.89138569332664
294.28224712399395
300.35402241159454
298.78862017043514
304.40975815339164
310.87878233805253
314.91090410424727
319.16981369382256
319.3628323244403
321.1365490919963
320.29289418279666
321.57360476451703
324.97624428806535
317.1186198592588
318.50675787333296
317.5060820859997
315.82547387739976
314.6929264896598
317.33363384069384
324.15027045662447
322.815243410962
322.815243410962
328.07371906986583
322.5363471628792
323.6127124465913
322.33144120193214
324.6282970817389
324.67546737356497
328.10792063620846
327.6171285725876
325.4954157153288
329.05587414379596
332.2602867294164
329.20425805647477
327.5938322508273
328.35444902574454
326.0090041231701
326.0881037108531
322.9592933397678
325.19336400579107
320.51402760521194
318.78262484469076
324.6943623602217
329.97492612419956
329.71743351177963
322.9856901606017
329.4271211445415
328.4044090300874
326.8339681270786
330.2605713143708
326.2945141829337
321.92506276464036
326.0725564881763
329.0253008393587
328.61277075542284
323.21149367988056
327.82034431189254
329.9283098807033
335.505478892633
335.87493100336974
333.55743790303273
336.73169411272943
336.1785247014565
339.9306722313109
342.65760500817976
342.7118445073618
339.3306600566256
340.13759405096306
341.8938346458667
336.17445118128
334.457006063152
333.5213054568368
331.4391749111531
330.1752574200378
331.077731678034
317.15995851023064
322.4139626592075
326.2825663932868
330.8143097539581
329.97287877856235
330.2655909007061
335.78903181063555
335.50012862957203
337.45011576661483
335.83510418995337
338.44159377095804
337.9074343938622
342.096690954476
341.2170218590284
336.7653196731256
338.43878770581307
341.5449089352318
338.4504180417086
341.1953762375377
345.4158386137839
348.4142547524055
350.73282927716497
351.8495463494485
354.4345917145036
354.55113254305326
347.56601928874795
349.9894173598732
350.93047562388585
348.7074280614973
348.9966852553476
348.4170167298128
342.2753150568315
339.7777835511484
342.9600051960336
340.54400467643023
339.60960420878723
340.9986437879085
339.76877940911766
337.2919014682059
335.6727113213853
335.2254401892468
337.4528961703221
338.0276065532899
333.2748458979609
334.8973613081648
338.5476251773483
338.5476251773483
339.0328626596135
341.10957639365216
344.17861875428696
342.84075687885826
334.7566811909724
323.2710130718752
322.4239117646877
313.791520588219
318.5623685293971
321.8261316764574
320.4935185088117
319.7441666579305
323.4997499921375
323.67977499292374
328.2617974936314
332.1556177442683
333.45005596984146
333.8250503728573
336.97254533557157
339.2252908020144
336.97276172181296
339.0654855496317
340.73893699466856
334.4850432952017
335.7365389656815
339.5328850691134
338.50959656220203
332.13863690598185
327.35477321538366
332.32929589384526
333.4363663044607
327.78272967401466
331.7444567066132
335.7300110359519
330.81700993235677
334.09530893912114
331.365778045209
331.74920024068814
337.77428021661933
336.0868521949574
333.76816697546167
329.05135027791556
331.47621525012397
336.8985937251116
338.7487343526005
338.81386091734043
341.8824748256064
340.3942273430457
342.7148046087412
344.40332414786707
342.66299173308033
336.4466925597723
339.37202330379506
340.76482097341557
341.368338876074
337.3015049884666
333.24135448962
336.427219040658
340.72449713659216
339.142047422933
339.3778426806397
341.0000584125757
342.84005257131815
345.46604731418637
347.6794425827677
346.8114983244909
347.67034849204185
349.4333136428377
351.6499822785539
351.22498405069854
349.81248564562867
352.7512370810658
353.79611337295927
354.9665020356634
355.19985183209707
355.23986664888736
352.6058799839986
350.63529198559877
349.0717627870389
349.724586508335
345.8521278575015
344.2169150717514
340.71522356457626
342.41370120811865
344.7423310873068
347.19809797857613
347.80828818071853
351.9774593626467
347.309713426382
332.2787420837438
334.8008678753694
331.7507810878325
332.70570297904925
332.7251326811444
328.7826194130299
328.2443574717269
325.71992172455424
328.45792955209885
328.16213659688896
328.16213659688896
328.44592293720007
330.1513306434801
335.5161975791321
332.0945778212189
334.195120039097
333.0756080351873
327.6480472316686
328.40324250850176
324.39291825765156
322.2536264318864
320.3082637886978
315.147437409828
314.7126936688452
315.9414243019607
317.25728187176463
317.62155368458815
321.96939831612934
323.2924584845164
324.06321263606475
328.2068913724583
328.9262022352125
330.60358201169123
331.27322381052215
326.61590142947
326.674311286523
321.8868801578707
325.4081921420836
323.5673729278752
328.75063563508775
330.15557207157894
330.8100148644211
322.36901337797894
327.02211204018107
326.02990083616294
323.3069107525466
327.54621967729196
331.9115977095628
334.6604379386065
336.94439414474584
341.39995473027125
342.2299592572441
344.1369633315197
344.25326699836774
347.40794029853095
343.74714626867785
345.88243164181006
345.86418847762906
346.6277696298662
339.4049926668796
331.07449340019167
335.3170440601725
333.8953396541553
338.65580568873975
336.3102251198658
336.9392026078792
341.7952823470913
335.6457541123822
339.261178701144
341.8850608310296
339.61655474792667
335.534899273134
337.14140934582065
334.4672684112386
337.57054157011476
335.9034874131033
333.81313867179296
335.35182480461367
340.17664232415234
337.4289780917371
340.4460802825634
339.73147225430705
341.88832502887635
338.54949252598874
339.81454327338986
337.9430889460509
335.45878005144584
340.69290204630124
344.2036118416711
342.693250657504
339.92392559175363
343.2215330325783
337.34937972932045
330.29444175638844
329.5449975807496
328.70049782267466
325.6904480404072
325.84140323636655
325.7272629127299
326.67453662145687
332.3670829593112
328.2303746633801
327.6873371970421
326.8186034773379
327.8667431296041
329.2500688166437
329.0250619349793
325.9825557414814
327.9343001673333
326.62087015059996
326.62087015059996
326.25878313554
325.282904821986
328.4846143397874
333.95615290580866
338.04053761522783
336.55648385370506
335.60083546833454
337.1807519215011
336.62267672935104
335.07040905641594
339.31336815077435
334.5020313356969
333.16182820212725
334.35564538191454
335.0100808437231
332.7390727593508
334.62516548341574
335.10264893507417
337.49238404156677
341.4931456374101
337.2038310736691
338.83344796630223
341.500103169672
343.2900928527048
339.81108356743437
338.1099752106909
336.8089776896218
333.34807992065964
332.90327192859365
336.2929447357343
337.7836502621609
337.29528523594485
334.4757567123504
337.5781810411154
340.9603629370038
346.00432664330344
342.3138939789731
341.8325045810758
344.9792541229682
341.5413287106714
342.56719583960427
343.62047625564384
343.99842863007945
338.9085857670715
341.3377271903643
339.9039544713279
340.42355902419513
340.8912031217756
339.36208280959806
345.17587452863825
348.00828707577443
350.097458368197
348.4177125313773
348.5459412782395
347.8013471504156
346.9012124353741
349.3710911918367
350.143982072653
353.2795838653877
352.69162547884895
354.81246293096405
351.61121663786764
353.5700949740809
354.17308547667284
349.20577692900554
346.205199236105
344.2646793124945
344.8082113812451
343.2373902431206
346.2836512188086
347.78528609692773
350.52675748723493
349.2240817385115
350.6416735646603
350.9475062081943
353.79275558737487
355.17348002863736
356.18613202577365
355.32751882319627
350.09476694087664
352.435290246789
352.50176122211013
354.3915850998991
353.8224265899092
348.91018393091827
347.95916553782644
342.0332489840438
341.3299240856394
341.13693167707544
341.74323850936787
340.4989146584311
341.60902319258804
344.37812087332924
343.23030878599633
345.6472779073967
348.43255011665707
349.9092951049914
350.07836559449225
348.590529035043
348.590529035043
345.84147613153874
343.72732851838487
341.6945956665464
340.0551360998918
344.02962248990264
343.75666024091237
341.0909942168211
338.671894795139
336.8747053156251
336.0572347840626
332.5215113056563
332.3493601750907
333.6244241575816
332.39198174182343
332.4827835676411
334.964505210877
335.6180546897893
334.1462492208103
338.06162429872927
338.42546186885636
340.33291568197075
342.2196241137737
341.1376617023963
342.1238955321567
341.6415059789411
345.417355381047
347.8256198429423
348.79305785864807
350.44375207278324
348.30937686550493
349.22843917895443
350.875595261059
351.5180357349531
351.5462321614578
353.74160894531207
350.8974480507809
349.8977032457028
349.01793292113257
350.0361396290193
343.3125256661174
336.0012730995056
337.3311457895551
340.54803121059956
343.67322808953963
346.4459052805857
348.1213147525271
350.8691832772744
347.68226494954695
347.6740384545923
340.38663460913307
342.30797114821974
342.7971740333978
344.8774566300581
335.1997109670523
336.9897398703471
336.79076588331236
337.2616892949811
337.89552036548304
340.27596832893477
341.9983714960413
340.9185343464372
342.13668091179346
339.65301282061415
340.59771153855274
339.9079403846975
335.43714634622773
338.803431711605
340.6330885404445
345.5197796864
346.86780171775996
344.291021545984
346.83191939138555
347.708727452247
348.4578547070223
348.9420692363201
345.2978623126881
347.0880760814193
346.71926847327734
348.8073416259496
347.8666074633547
344.7699467170192
346.2129520453173
347.34165684078556
349.157491156707
351.3817420410363
350.9835678369327
353.82521105323946
352.93268994791555
352.819420953124
352.4874788578116
354.56873097203044
355.2618578748274
356.8956720873447
353.50610487861024
352.8754943907493
349.48794495167436
350.26915045650696
347.75223541085626
349.6970118697707
349.6970118697707
342.8773106827936
339.91957961451425
340.89762165306286
337.2778594877566
337.22007353898096
339.66806618508286
343.2812595665746
343.0231336099171
342.6808202489254
343.55273822403285
343.0574644016296
345.3217179614666
342.45954616532
344.383591548788
343.4452323939092
346.4507091545183
345.3456382390665
346.79107441515987
349.08196697364394
347.88377027627956
345.8153932486516
345.7638539237864
347.7374685314078
348.903721678267
350.9633495104403
352.7970145593963
353.4373131034567
355.063581793111
350.0872236137999
352.00850125241993
347.31765112717795
347.7258860144602
350.1132974130142
347.61196767171276
349.8207709045415
352.7786938140874
346.75082443267866
344.7557419894108
347.6301677904698
347.98715101142284
348.5384359102806
350.84459231925257
348.2901330873274
350.83111977859465
348.2580078007352
348.8022070206617
350.05198631859554
349.17678768673596
351.8391089180624
349.1651980262561
348.3786782236305
342.2408104012675
347.97672936114077
349.09905642502673
345.68915078252405
345.06023570427163
343.7342121338445
347.28079092046005
347.312711828414
341.4714406455726
343.43429658101536
345.66086692291384
342.02478023062247
344.77230220756024
348.0650719868042
348.56856478812375
351.0217083093114
350.25953747838025
350.12358373054224
351.66122535748804
354.43510282173924
354.34159253956534
355.07743328560883
353.489689957048
354.71072096134316
355.3896488652088
356.6106839786879
352.8296155808191
354.9166540227372
351.9549886204635
352.67948975841716
352.93154078257544
355.1783867043179
353.96054803388614
355.49449323049754
356.07504390744776
356.61753951670295
357.46578556503266
359.8692070085294
356.18228630767646
356.9040576769088
353.0936519092179
349.28428671829613
350.27585804646657
351.5882722418199
349.9294450176379
347.84650051587414
349.61185046428676
351.1406654178581
351.1406654178581
352.3865988760723
343.8079389884651
346.3571450896186
347.4514305806568
348.6662875225911
348.139658770332
350.4656928932988
350.74912360396894
353.00421124357206
349.2437901192149
349.43941110729344
349.84546999656413
350.78092299690775
352.442830697217
353.11854762749533
353.5166928647458
350.2750235782712
352.76752122044405
349.9607690983996
348.3346921885597
348.85122296970377
349.48610067273336
350.09749060546005
351.42774154491406
351.40496739042266
347.3444706513804
348.3800235862423
351.1020212276181
350.9418191048563
350.39763719437065
348.05787347493356
345.5120861274402
348.2908775146962
345.9717897632266
347.9446107869039
351.3001497082135
349.9001347373922
347.86012126365296
349.7941091372877
352.56469822355893
347.8382284012031
347.5844055610828
344.32596500497453
347.0133685044771
347.4320316540294
347.7888284886265
344.5499456397639
347.44495107578757
349.4404559682088
338.16641037138794
341.86976933424916
343.26279240082425
346.4965131607418
349.2168618446676
348.80517566020086
346.85465809418076
346.31919228476266
340.3872730562864
343.27854575065777
344.550691175592
343.6556220580328
345.65005985222956
339.7450538670066
337.310548480306
336.99949363227546
337.65954426904796
339.85358984214315
333.3282308579288
333.8954077721359
337.6858669949223
338.63728029543006
340.2535522658871
339.9181970392984
337.61637733536855
342.4247396018317
343.28226564164856
346.11403907748377
336.7726351697354
331.20537165276187
330.5748344874857
333.26735103873716
337.67061593486346
340.4535543413771
335.19819890723943
338.20837901651555
337.087541114864
341.7587870033776
341.08290830303986
341.92461747273586
334.5621557254623
337.825940152916
338.53334613762445
340.620011523862
343.7180103714758
338.9962093343282
336.5965884008954
338.4769295608059
342.7592366047253
343.60331294425276
343.60331294425276
345.56298164982746
345.9366834848447
347.13301513636026
349.78971362272426
351.9507422604518
355.13566803440665
354.362101230966
354.0658911078694
353.3793019970825
351.5813717973743
352.36323461763686
351.0469111558732
352.9122200402859
354.17099803625734
352.92389823263164
353.0015084093685
352.0013575684317
353.7712218115885
353.5540996304297
352.7486896673867
347.183820700648
343.3554386305832
340.53989476752486
338.7259052907724
340.62331476169516
343.32098328552564
344.9688849569731
348.6019964612758
342.86179681514824
341.2956171336334
344.3260554202701
347.64344987824313
347.1591048904188
344.973194401377
341.00587496123933
344.8452874651154
347.69075871860383
347.4716828467435
347.63451456206917
346.6010631058623
340.22095679527604
336.6688611157484
335.6819750041736
334.43377750375623
336.93039975338064
333.3473597780426
334.92262380023834
331.3303614202145
329.06732527819304
327.4305927503737
330.43753347533635
335.1237801278027
332.90140211502245
335.7212619035202
340.52913571316816
340.8162221418513
343.6645999276662
345.80813993489954
344.9973259414096
342.18759334726866
342.4988340125418
345.78895061128765
345.34005555015887
345.356049995143
348.97044499562867
347.1934004960658
350.60406044645924
351.67365440181334
353.03628896163207
351.84266006546886
350.008394058922
352.35755465302987
354.0317991877269
355.5586192689542
358.15275734205875
357.8574816078529
358.43173344706764
358.9485601023609
356.7637040921248
356.4573336829123
353.70160031462103
355.43144028315896
355.0482962548431
357.0834666293588
357.48511996642293
358.68660796978065
358.77794717280256
360.6301524555223
355.7071372099701
356.6664234889731
354.1397811400758
354.8958030260682
351.8762227234614
349.40860045111526
344.5777404060038
345.4099663654034
349.2289697288631
351.27607275597677
348.06846548037913
348.06846548037913
348.3416189323412
348.45745703910706
347.36171133519633
349.1755402016767
350.59798618150904
351.9181875633581
348.4163688070223
347.8747319263201
347.4272587336881
348.4545328603193
347.9490795742874
350.1241716168587
344.9517544551728
344.77657900965556
341.01892110869005
340.03702899782104
338.12332609803894
335.6009934882351
334.7808941394116
339.2628047254704
340.28652425292336
335.96787182763103
333.26108464486794
335.0549761803812
335.639478562343
339.4055307061087
341.4449776354979
345.26047987194806
343.6844318847533
344.8959886962779
345.33638982665013
345.3527508439851
343.78747575958664
344.928728183628
344.96585536526516
343.1892698287387
341.02034284586483
343.25830856127834
347.6724777051505
349.8152299346355
348.92370694117193
347.40133624705476
348.2012026223493
345.28108236011434
345.8929741241029
349.0536767116926
350.73830904052335
348.994478136471
349.8250303228239
345.1225272905415
346.70027456148733
347.7802471053386
350.96222239480477
348.4360001553243
349.32240013979185
350.1201601258127
351.4281441132314
350.41532970190826
350.70379673171743
345.30341705854573
349.3430753526912
347.5287678174221
348.3158910356799
351.8243019321119
353.3818717389007
353.54368456501066
351.28931610850964
347.6403844976587
349.6163460478929
350.2147114431036
344.2332402987933
341.099916268914
343.6899246420226
344.6509321778203
345.72583896003835
348.9032550640345
351.97292955763106
348.71563660186797
352.2040729416812
354.2936656475131
354.00429908276175
353.11386917448556
353.362482257037
355.96623403133333
343.6696106282
334.84264956538004
336.0983846088421
337.4385461479579
340.0746915331621
339.83722237984585
344.0235001418613
345.16115012767517
345.97503511490766
345.2775316034169
345.2597784430752
346.8438005987677
349.69942053889093
350.0594784850018
349.62353063650164
349.62353063650164
349.3611775728515
347.9450598155663
349.0905538340097
348.90149845060876
351.9913486055479
352.7722137449931
349.8349923704938
349.21149313344443
348.6103438201
351.28930943809
350.08037849428104
351.43234064485296
355.04910658036766
355.46419592233093
359.28777633009787
356.2489986970881
357.15409882737924
357.98868894464135
357.4998200501772
355.0598380451595
355.7038542406435
350.4134688165792
348.91212193492134
350.7609097414292
351.6248187672863
350.59233689055765
351.4731032015019
353.69579288135174
353.25621359321656
350.2705922338949
352.59353301050544
352.43417970945495
350.2907617385095
346.76168556465853
347.6455170081927
345.20096530737345
344.39086877663607
344.4817818989725
347.38360370907526
349.97524333816773
350.72771900435094
347.8049471039158
350.1844523935243
352.4960071541718
348.93640643875466
351.2027657948792
351.4524892153913
354.0372402938522
351.123516264467
352.56116463802033
355.03504817421833
355.70154335679655
357.90138902111687
359.6512501190052
360.6361251071047
359.86251259639425
359.79626133675487
359.7566352030794
358.1209716827714
359.0488745144943
353.19398706304486
347.5645883567404
343.92812952106635
342.6153165689597
345.09378491206377
343.93440642085744
345.63096577877167
347.8478692008945
348.183082280805
348.29477405272456
349.2352966474521
350.4817669827069
351.1635902844362
351.9672312559926
350.73050813039333
346.777457317354
349.2397115856186
351.0757404270567
352.13816638435105
353.7043497459159
353.8539147713243
353.3785232941919
352.9706709647727
347.17360386829546
346.81624348146596
345.44461913331935
346.4201572199874
349.3181414979887
349.5063273481898
350.2856946133709
350.7971251520338
349.63741263683045
345.7136713731474
348.9323042358327
350.14907381224947
349.01416643102453
349.2327497879221
349.8694748091299
348.4225273282169
348.4225273282169
345.86027459539525
347.5942471358557
348.7948224222701
348.6553401800431
347.8998061620388
348.6698255458349
348.9428429912514
347.6085586921263
348.17770282291366
349.5299325406223
350.9369392865601
352.18324535790407
352.4849208221137
354.3964287399023
354.47678586591206
355.57910727932085
357.79119655138874
357.7620768962499
356.4958692066249
356.5762822859624
357.8886540573661
356.64978865162954
356.6748097864666
352.73732880781995
352.01359592703795
350.77223633433414
350.43501270090076
351.9415114308107
352.09736028772966
349.85762425895666
350.431861833061
351.5386756497549
354.7248080847794
355.59232727630143
357.8230945486713
358.42078509380417
358.51870658442374
358.18683592598137
358.91815233338326
356.94633710004496
358.2217033900405
357.55953305103645
357.59357974593286
357.7542217713396
352.2987995942056
353.65891963478504
353.62302767130655
