0.0
0.0
0.0
0.0
0.0
0.0
0.0
0.0
0.0
0.0
0.0
0.0
0.0
0.0
0.0
0.0
0.0
0.0
0.0
0.0
0.0
0.0
0.0
0.0
0.0
0.0
0.0
0.0
0.0
0.0
0.0
0.0
0.0
91.5
25.0009999800008
24.804031930313265
0.0
0.0
0.0
0.0
0.0
0.0
0.0
0.0
0.0
0.0
0.0
0.0
0.0
0.0
0.0
0.0
0.0
0.0
0.0
85.19630273667984
0.0
0.0
0.0
0.0
0.0
0.0
0.0
0.0
0.0
0.0
0.0
0.0
0.0
0.0
0.0
35.02127924562436
0.0
177.80314957840312
66.94363300568621
0.0
0.0
45.41189271545506
0.0
158.10123339177338
41.496505877001255
0.0
154.0
211.8962010041709
151.5
203.2236206743694
19.200000000000003
95.1800399243455
0.0
0.0
0.0
0.0
0.0
0.0
0.0
0.0
0.0
0.0
0.0
0.0
0.0
0.0
0.0
0.0
0.0
0.0
0.0
0.0
0.0
0.0
0.0
0.0
0.0
0.0
0.0
0.0
0.0
0.0
0.0
0.0
0.0
0.0
0.0
0.0
0.0
0.0
18.6
90.89999999999999
0.0
0.0
0.0
0.0
0.0
0.0
0.0
0.0
18.900000000000002
0.0
0.0
0.0
0.0
0.0
0.0
0.0
0.0
0.0
0.0
0.0
0.0
0.0
0.0
0.0
0.0
0.0
0.0
0.0
0.0
19.200000000000003
127.17314968184125
0.0
131.68374994660502
107.78051772004066
152.8876711837812
120.15723032760033
122.44574308647893
53.233823834100065
155.04915349656056
49.33599091940893
165.44730278853143
42.37735244207689
173.7117152065456
33.425140239047614
123.1238807055723
44.08185567781828
124.09790489770566
43.77225148424513
72.49027520985142
55.485493599678826
153.0504491989488
151.86062689189717
28.575513993627485
79.5097478300617
154.94324767475348
47.84558495828011
51.5275654383166
65.20398760812103
60.55121798940134
113.2152374903661
35.629903171353135
114.43255655625282
120.43043635227765
59.50831874620556
167.6622795980062
118.29708364959806
114.36629748313092
116.10172264010556
114.94716177444313
121.11932133231262
29.773310195542585
112.95556648523348
112.95556648523348
39.342597778997764
151.3671364596688
126.9086679466773
126.45536762035844
123.71988522464768
123.97132733015324
38.16280912092295
50.671096297593564
116.83937692404902
32.98317753037145
39.90852039351998
56.368519583185794
109.44994289628478
120.6140953620264
119.93035478976955
124.53979283747022
116.99897435447885
75.63868058077163
147.7952637942096
118.29099712150541
31.617874691383037
27.828941769316348
51.86752355761744
142.26890032610783
31.65817429985501
114.9354601504688
116.09741599191604
39.19808668800047
107.45994602641488
155.50768469757372
49.451390273681895
58.62627397336453
121.6712373570681
145.93231307698787
27.763465201591824
122.90113913223098
49.83783703171718
63.058385643782536
114.9887385790452
60.973846852564584
53.336291584623694
31.445349417680195
36.1795522360352
55.845859291446125
116.62028125502013
38.1869087515604
59.220013508948135
150.35694197475553
112.00982099798215
115.5555710470075
159.60015664152715
114.90239336062587
120.3426773842098
143.4945643569818
36.252034425670516
43.91685325703562
25.807750773750122
118.62394362016464
121.93805804587835
27.100737997331365
122.5638201101777
54.04442616958755
115.62443513375536
31.56722984362106
69.73729274928874
40.98975481751507
53.377991719434334
112.377978269766
61.04301761872524
34.96069221282668
116.87531818138507
40.06607043372235
45.495494282401204
34.811492355255325
31.145465159473858
58.21073784105473
40.68427214538807
64.9079347999919
149.39615122217842
56.964550380038986
51.85016875575238
115.93191967702424
49.90430843123667
58.30403073544745
153.47964034359737
117.0444787249702
45.18672371394058
163.66966731804644
120.0897997333662
67.51777543728763
115.2380579496201
139.00431647974102
113.95477172984025
120.72100065854325
56.23566484002834
39.981995948176476
143.47978951754843
41.5
39.3807059357752
39.3807059357752
71.92523896380186
26.690073060971564
31.44773441760153
123.08923592256149
149.03288227770406
151.69868160270875
112.21568517814255
144.7469861516985
50.7390382250196
55.17209439562721
112.24994432069889
105.17128885774862
57.00535062605966
59.706029846239154
45.23549491273418
27.531073353576318
38.518696758846865
96.52543706194756
42.38879568942718
105.73670129146265
111.25201121777529
62.25503995661717
53.80111523007678
145.28509902946
56.9982455870354
41.141341737964744
57.57438666629459
150.3142042522928
151.75048599592688
24.768730286391346
72.42540990564015
130.75890027068905
47.26774798951184
44.83123910846097
149.59224578834292
35.83350387556316
124.88939106265191
119.28017437948354
18.33030277982336
111.6892564215556
113.74220852436443
150.15272225304477
39.34729978028988
29.72894212715952
58.54605025106304
64.8108015688743
49.70362159843083
57.414283937013444
51.57363667611583
63.37538954515388
127.82096854585323
147.23263904447273
42.23754254215082
29.742393985689855
119.3212470601946
153.78169591989808
117.46152561583729
45.07205342559844
26.985922255872598
78.60337142896607
73.5081628120306
54.011480261144484
58.660378450876024
36.31377149236912
41.45889530607394
62.429159853389024
59.90191983567806
37.37659695584926
28.601398567202967
47.86063100294437
122.567083672575
51.39027145287326
42.0376022151597
52.027396629083796
42.16645586245066
60.640250659112546
82.23922421813084
63.899061025965004
120.60762828279147
56.89674858900111
76.58328799418317
98.62276613439718
145.61167535606478
35.142709058921454
54.40413587219266
40.72603589842743
51.73209835295684
32.407560846197605
115.49290021468852
172.03197377231942
26.582889233490025
157.73398492398525
126.95278649954872
116.81219970533901
122.38386331538973
64.41614704404479
111.83022847155415
57.146215972713364
42.17404415040132
42.17404415040132
118.3646906809628
66.38109670681858
26.716287167194473
73.45073178668814
121.07638085109745
117.48276469337961
112.57957185919655
118.57385883912187
154.97615945686613
116.83321445547922
157.0399949057564
141.92114007433847
123.24998985801174
118.02626826262025
114.57875021137208
115.31907908061007
31.882440308106908
118.64130815192489
122.5177538155185
37.23506411972457
122.30061324457861
48.28881858153086
117.47174128274425
153.43992309695676
87.7585323487124
152.1701679042249
46.13989596867336
127.60172412628287
47.619743804434734
119.98233203267888
120.42013951162821
134.68942051995026
39.634454707993655
116.93883016346622
155.18943262993136
51.68955407043091
43.86296843580015
124.07352658806795
61.405618635431075
39.729711803636334
47.56269546608981
36.655286112646834
63.00007936502938
49.94557037415831
121.35468676569519
53.66460658571905
37.25332199952106
54.83110431133044
143.91052775943808
175.58157648227217
35.92561760081516
120.50680478711566
36.70762863493091
111.87385753606603
121.80820990393053
25.42144763777232
150.1393019831916
22.382135733660448
45.19347298006649
120.04315890545368
145.52717959199236
63.071705225084884
116.1380213366837
39.01858531520588
110.93462038516199
118.53269591129698
101.27665081350192
48.45245091840041
130.8679105052113
55.485493599678826
105.0752587434359
42.51129261737403
122.31210079137713
39.74871067091359
123.74930302834032
113.54069754938095
28.763866221354874
36.53163013061421
118.76148365526593
114.69350461120281
49.119140871965584
147.65449535994492
146.8031334815439
124.98063850052935
117.88931249269375
160.26116185776266
118.68849986414016
113.44518500139176
96.05290209046262
23.401709339276906
119.70881337645946
118.94435673877092
118.63389060466659
71.42695569601158
43.19039245017345
118.09403033176571
117.03691725263444
58.43500663129936
116.17641757258657
116.17641757258657
110.46356865500951
121.1942655409075
45.53910407550856
23.476797055816622
32.48322644073399
116.65659004102598
118.6684456795487
48.65223530322117
70.15582655774216
112.115520781023
34.267331381360876
115.88597844433123
69.8690918790276
124.0519649179327
52.04891929713815
118.05511424754117
53.979996294923914
70.43039116744987
54.92722457943783
27.539970951328183
139.43758460329124
56.83880716552732
39.42651392147168
40.00799920015996
160.05452196048697
130.122865016107
115.62478108087383
155.97935760862717
51.17509159737772
71.75625408283238
44.133434038152984
81.02030609668172
115.1533325614157
41.30919994383818
46.80640981745983
28.824295307951587
116.94481604585985
39.78002011060326
49.80371472089206
110.46918122263783
46.615019038932076
55.9489946290369
43.47459027984047
127.02476136564871
48.48669920710215
119.17382262896496
61.80202262062303
121.04994836843179
94.47242984066834
35.699439771514626
40.13290420590067
33.1495098002972
116.69622958776345
50.97263971975554
120.19022422809601
116.2168662458251
28.601398567202967
35.46674498738219
28.043715873614182
122.19590827846898
50.58547222276373
116.60171525325003
35.38587288735435
62.67567311166271
119.71821081188943
121.07088832580688
115.26213602046424
42.31087330698812
59.59270089532777
32.19642837334601
55.84988809299442
31.14739154407637
56.6961197966845
47.72253136622155
51.61986051899017
37.20537595563308
43.98454273946701
47.887472265718934
61.56817359642886
108.63793076085351
37.4492990588609
35.91782287388811
35.08332937450493
121.80480286097097
112.8282322825276
62.615014173918375
152.29448447005558
120.2098165708608
44.276856256965665
121.48892953681005
85.89767167973763
73.55297410710187
37.77313860403977
117.32557266001304
18.167003054989557
36.03123644839294
63.30371237139256
43.10498811042639
118.57385883912187
118.57385883912187
119.43906396150298
117.83891547362441
118.68883688030648
66.48766802949251
38.886501514021546
55.53026201991127
109.95767367491912
118.39717057430046
83.97148325473357
116.99576915427326
113.38170046352278
116.33984700007129
50.6328944461997
118.79903198258815
39.79962311379343
53.68062965353518
70.84243078833475
118.80610253686466
20.596358901514606
47.08938309215783
60.155215900202705
35.10783388362204
101.02989656532365
69.34262758217344
115.79037092953801
29.95062603686274
28.678389076097005
52.408491678353045
39.35746434921843
118.32197598079573
61.534136867270675
43.81791870913086
40.914667296704245
44.776779696624004
43.47930542223507
119.0235690945285
56.97271276672719
119.15489918589164
56.506282836512966
121.86697665897846
146.58158138047222
121.5245242739094
51.36584468301869
39.562103078577614
43.43777158188482
34.862013711201485
35.51112501738012
117.92370414806346
61.30774828681934
118.08708650822071
35.67127696060235
68.68158414014634
35.491407410808606
137.01419634475837
57.21966445200461
128.69343417595164
57.84850905598173
71.19016786045668
35.403530897355424
65.07111494357538
66.60450435218327
38.1849446771892
114.27777561713388
57.01482263411857
55.46900035154771
114.55985335186145
27.540697158931906
38.586137407105156
40.52715139261579
39.61060464067672
56.99201698483745
24.05015592465047
49.2873208847874
62.18327749483779
65.82256452007928
118.67876810954856
42.97627252333548
129.42580886361114
24.30720057925223
40.30434219783273
119.30502923179726
30.208608044727914
52.56091703918416
54.3566923202654
41.45889530607394
71.34451625738309
34.76550014022522
42.399174520266314
57.31457057328442
40.32926976775057
24.004374601309653
36.41771546926029
42.35610935862736
115.07388930595855
65.95422655145006
110.9702662878665
72.35060469685101
115.17330419849905
50.65135733620571
50.65135733620571
98.33844619476149
120.98681746372206
74.01493092613138
114.2698997986784
54.446395656645635
37.70159147834479
19.35355264544471
56.19973309545162
43.642181430354746
52.1444148495311
56.368785688535105
39.08721018440687
115.41754632637102
43.329089535784156
122.77866264135638
59.6879384800648
55.3140126911798
42.04949464619046
55.661566632641595
62.39623386070669
46.95913116743112
54.561983101789835
51.94660720393585
45.78471360618083
37.07087805811996
47.01499760714659
52.233705593227825
44.20644749355007
116.938488103789
56.522650327103385
111.2703464540306
41.456483208299275
47.008935320851506
118.62921225398067
40.6227768622481
23.66938951472978
151.1596837784467
119.01915812170743
50.462362211850525
60.95703404858212
48.73243273221644
53.38389270182533
67.80125367572491
27.066769293729905
57.26857777175892
43.0883975102347
52.835688696183375
51.95199707422228
48.23442753884408
117.58014288135561
62.952442367234646
120.90492132250036
24.004999479275146
37.322379345374
112.68806502908815
61.519427825687714
70.80225985093979
38.2747958844982
53.87801035673088
114.14241104865448
57.762357985109986
50.03808549495074
120.0675226695379
53.94858663579612
30.446838916380134
58.114456032901145
38.44073360382187
53.8631599518632
62.28073538422616
33.139855159611066
31.119768636672095
51.67639693322281
52.66507381557534
122.74428703609793
38.05272657773684
53.8000929367227
50.26768345567557
116.524503860776
29.74239398568985
51.11956572585491
46.9143901164664
50.14538862148743
43.218514551057865
54.26785420486054
49.82579653151568
42.60997535789008
34.03307215048327
31.35745525389457
24.868654969660103
114.13237927950158
57.59548593422925
116.39140861764669
119.80818002123227
48.00999895855029
36.84616669342959
52.005768910766044
67.69556854034096
48.44016928128968
52.48895121832784
52.48895121832784
47.282554922508155
146.62141726228128
45.46218208577322
35.352651951444884
38.99025519280427
39.86527310830819
48.56789062745056
52.19204920291978
28.425516705945732
94.38135409073129
57.234255476943176
44.070965498840614
32.62759568218289
37.44115382837446
59.199324320468385
39.00884515081163
95.9619195306138
31.90548542178915
117.60021258484187
78.46534266795756
43.3410890495382
41.975707260271385
39.66408955213771
44.95820281105552
50.71252310820277
119.46028628795429
63.9
33.302252176091635
46.420361911557734
50.65816814690401
113.46541323240311
54.08733678043318
44.362258734198825
60.78889701253017
21.72579112483594
37.7683730123499
79.3335364143059
67.69675029128061
53.19924811498749
36.751190456909015
133.18712400228486
121.1057802088736
115.66330446602328
53.02791717576695
39.64290604887588
56.434032285492414
118.51345915127109
45.28631139759563
39.525181846514
133.12629342094672
41.404830636050185
64.48689789406836
45.66223822810266
32.19642837334601
56.602915119276325
115.32653640858204
71.29130381750637
125.51732948083304
28.61136137970369
40.792156108742276
45.66223822810266
38.6191662261111
118.79747472063538
115.1930553462317
55.38916861625565
52.10988389931415
35.894846426750455
149.48056729889674
66.10295000981424
33.778099413673345
122.40490186262966
38.151802054424635
115.99004267608493
121.13583284891386
15.614416415607725
36.44996570643105
37.44115382837446
89.72407703621141
126.59340425156438
114.87162399827035
53.31463213790376
34.38037230746636
38.40117185711915
105.90415478157598
41.24330248658563
114.62198741951738
29.42379989056478
114.44736781595286
51.480578862324386
143.96252984717933
35.968875434186145
68.33952004513932
43.72916646815944
41.301815940706526
142.33850498020556
116.83407037332903
59.358571411380844
24.887948890979345
42.28664091648804
42.28664091648804
48.573243663564405
85.26787202692466
53.9971295533383
42.19964454826604
41.560076997041286
19.84338680769994
62.435887116305146
33.6873863634447
55.26445512261928
65.75439148832571
26.841013393685415
54.852164952716315
36.25203442567051
32.16286678764814
70.4372770626463
28.579888033370597
71.61564074976918
45.89346358687695
49.980396156893356
41.07127950283507
112.63520763952984
122.37683604342777
115.42859264497683
61.493414281530995
44.30812566561578
24.30720057925223
56.85208879188169
38.72479825641445
114.04104524249153
73.36047982394881
44.29492070203987
41.6467285629976
54.13279966896225
51.11956572585491
78.032108775811
39.504936400404446
48.581992548680006
49.0576191839759
63.58215158360088
121.25761831736595
150.64315450759787
159.66029562793625
117.29177294252142
64.6154780219105
52.84543499679041
94.3
120.41631949200242
119.20654344456096
130.6759733080263
113.37817250247069
39.729711803636334
37.600664887738354
73.97087264592733
44.81618011388298
32.15213834257373
41.34537459015216
34.90573018860943
36.10110801623684
71.93893243578195
112.82858680316792
53.89628929713064
42.09560547135532
58.884717881637165
54.83110431133044
45.45822257853908
47.7866090029414
33.03649497147057
53.73462570819676
46.95753400680236
48.12577272106911
50.14429179876808
33.61919094802848
52.29617576840586
41.70383675394867
41.98154356380908
38.29308031485584
35.491407410808606
52.34157047701187
52.12955016111304
58.928855410571146
65.4437926773808
43.09524335701099
74.09345450173045
36.8163007375809
52.91965608353856
36.20013812128346
33.006665993402
29.086251047531032
58.98338749173363
51.27582276277973
41.74973053805258
20.72221030681814
86.09535411391255
62.90596156168349
111.70358096319026
39.09334981809566
37.88720100508878
43.20659671855677
115.5255815826088
115.5255815826088
70.52347127020904
54.35301279598032
62.2129407760154
48.60504089083765
59.98033010912828
78.85277420611148
114.93428557223471
42.05948168962618
51.43772934335262
40.73340152749338
52.583647648294615
52.251411464189175
152.92821845558785
54.405514426388805
102.4
56.254422048404344
116.25097849050562
114.75665558040632
121.04478510039166
26.699063653993562
64.1424196612507
83.98386749846664
128.8102868562911
38.306135278829686
67.86376057956116
28.705574371539754
30.9864486509829
31.372599509763294
63.29810423701487
35.53252031590216
49.390383679416786
61.631566587261105
77.21534821523504
62.17684456451614
39.30661521932409
73.46944943308068
48.892228421294114
49.212193610933454
29.96731552875566
25.905404841461174
64.35285541450355
39.250605090877265
43.95270185096702
83.81527307120105
49.46554356317132
35.53097240436856
48.962128221718466
62.22547709740762
66.46811265561855
113.89451259828105
37.66019118379512
57.43213386249896
40.30186099921441
58.854141740407705
40.32381430370892
44.560184021164005
36.864074652702186
38.51765828811508
70.79555070765394
116.74335098839677
29.996833166186057
118.37803850376979
34.22922727728454
37.49986666642963
31.145465159473858
41.09257840535198
79.04935167349572
119.5682232033244
44.38963843060675
26.78507046845313
152.7397787087568
117.54441713667222
36.44996570643105
53.331135371375694
38.6217555271637
40.574006457336694
42.14546238920627
68.99594190965148
25.048752463945185
20.539961051569694
33.92403277913756
60.43417907111836
36.94644773181855
29.95062603686274
128.36043003979069
109.41498983228944
79.35893144441903
66.89132978196801
35.57752099289662
51.91348572384636
45.446782064300216
47.28466982014361
37.9
120.01083284437284
46.941346380350026
60.3364732147977
34.58091959448158
42.000119047450326
56.0340075311413
56.0340075311413
46.13458572481171
54.49733938459748
48.1709456000191
36.2926989902928
29.53235513805155
40.20149250960716
92.76443283931617
54.65930844787555
118.62782135738648
33.52073984863699
94.62325295613125
58.81700434398202
20.558210038814178
35.7821184392428
26.992776811584243
67.90647980863093
68.68049213568581
17.95132307101624
50.06286048559351
50.50039603805103
47.98176737053357
125.68118395368496
40.14523633010522
40.32418629061224
81.24432287858642
43.77453597698095
50.04438030388627
56.6816548805696
38.452698214819726
50.09231477981428
42.07433897282285
74.67663623918796
123.10239640234467
68.35788176940535
64.78610962235655
76.30832195769999
53.716757161988106
64.3195926604017
41.50240956860216
38.579917055379994
39.32492848054527
78.37250793486196
47.0089353208515
44.095464619391414
111.72148405745422
28.601398567202967
47.757826583712955
37.92373926711342
58.939714963681325
39.82775414205526
35.86377001933846
40.958637672657034
29.106872040808504
45.4713096358572
39.474675426151386
43.1681595623441
65.97696567742412
33.70815924965349
33.56247905027279
69.53157556103558
113.2804043071881
123.99068513400512
48.866757617014045
113.80316340067178
36.25520652264996
61.858305828724404
46.74708547064726
45.02621458661609
54.14942289627841
71.99729161572677
45.19966814037466
45.22620921545382
48.02509760531466
41.09209169657831
80.05273262044214
111.34433079416303
42.795326847682794
62.214467770768564
50.332991168814914
64.1510716979849
53.83641890022032
54.28342288397076
53.05666781847499
128.9736407177839
65.57164021129867
48.22748179202394
60.74833331047034
47.619743804434734
48.62468508895456
57.49791300560395
43.95270185096702
50.83856803648191
65.72092513043316
26.07086496455382
47.50042105076543
42.14925859371669
61.21895131411514
42.20947760870774
59.89858095147163
59.89858095147163
83.53897294077777
40.3876218661114
22.280933553152572
65.31492938065539
57.31047024759088
43.694850955232695
43.34789498926101
58.35614791947803
47.11910440575033
46.705567119991166
17.76626015795108
24.76772092866035
42.73827324541786
34.205847453322946
33.62082687858822
43.39181950552431
40.68427214538808
47.60514678057405
64.46309021447856
56.01794355382925
35.80796000891422
48.48143974759825
46.489676273340514
50.137909808846246
41.357586970228326
62.16301151006118
45.18893669915237
40.22747817102136
60.25321568182066
84.1083230126484
39.66408955213771
33.323415191123495
35.4152509520969
55.98428350885631
40.4930858295586
52.247105182966834
48.992244284172166
61.210783363717866
33.98014125927084
68.12312382737598
57.50139128751582
71.62569371391805
38.310442440671444
53.45053788316821
75.04638565580625
47.55302303744737
60.56574939683319
