1279
2559
3839
5119
6399
7679
8959
10239
11519
12799
14079
15359
16639
17919
19199
20479
21759
23039
24319
25599
26879
28159
29439
30719
31999
33279
34559
35839
37097
38071
39079
40179
41305
42571
43824
44909
46092
47285
48347
49351
50509
51239
52427
53501
54499
55394
56308
56820
57400
57969
58452
58949
59363
59794
60203
60753
61303
61827
62233
62636
63034
63418
63926
64311
64703
65115
65531
65959
66378
66776
67151
67518
67872
68298
68657
69055
69390
69739
70100
70455
70820
71165
71531
71869
72316
72674
73007
73366
73722
74126
74453
74777
75126
75454
75783
76125
76439
76761
77081
77443
77443
77771
78123
78485
78809
79136
79467
79898
80223
80545
80922
81253
81576
81912
82272
82745
83080
83392
83760
84133
84451
84781
85112
85534
85857
86178
86500
86839
87166
87479
87802
88152
88483
88888
89233
89572
89899
90246
90588
90911
91218
91572
91979
92394
92704
93024
93378
93700
94119
94457
94801
95114
95447
95788
96206
96538
96858
97200
97549
97879
98194
98621
98957
99301
99623
99960
100291
100629
100947
101277
101630
101971
102305
102628
102996
103312
103635
103969
104297
104633
104953
105263
105589
105912
106237
106564
106887
107233
107564
107899
108220
108547
108893
109231
109553
109872
110187
110518
110852
111210
111210
111527
111862
112190
112515
112833
113181
113504
113853
114236
114556
114873
115213
115536
115866
116193
116517
116859
117179
117500
117830
118284
118628
118955
119290
119633
119958
120285
120631
120967
121356
121679
121997
122344
122671
123008
123316
123649
123974
124312
124623
124954
125306
125621
125950
126286
126610
126957
127308
127648
128017
128341
128668
128992
129322
129645
129977
130298
130624
130948
131262
131601
131920
132248
132572
132898
133207
133547
133925
134247
134573
134903
135223
135566
135884
136227
136546
136880
137294
137621
137953
138281
138658
138989
139323
139655
139969
140300
140618
140947
141268
141597
141979
142307
142649
142978
143306
143629
143956
144271
144271
144589
144930
145258
145582
145911
146236
146561
146882
147212
147535
147900
148302
148621
148951
149277
149596
149917
150244
150574
150900
151281
151614
151941
152312
152632
152942
153327
153669
154008
154337
154659
154976
155312
155668
155990
156308
156631
157001
157321
157656
157977
158298
158647
158955
159296
159623
159944
160365
160694
161077
161397
161748
162080
162413
162749
163099
163429
163762
164094
164426
164751
165072
165398
165727
166061
166374
166703
167027
167381
167720
168044
168365
168677
169000
169333
169669
170002
170340
170656
170968
171389
171709
172029
172358
172703
173070
173395
173805
174133
174459
174879
175205
175525
175865
176193
176515
176847
177176
177505
177505
177821
178153
178491
178809
179147
179466
179810
180129
180462
180783
181107
181439
181761
182097
182426
182771
183106
183433
183761
184094
184428
184758
185086
185434
185758
186088
186419
186761
187091
187419
187737
188083
188408
188733
189047
189393
189725
190066
190414
190756
191101
191442
191793
192126
192467
192799
193133
193443
193782
194118
194431
194760
195071
195406
195742
196076
196415
196738
197143
197470
197789
198131
198462
198798
199145
199486
199835
200172
200503
200828
201169
201502
201847
202178
202521
202849
203183
203501
203821
204136
204451
204783
205112
205430
205747
206075
206495
206917
207243
207567
207909
208233
208556
208881
209225
209558
209882
210217
210548
210548
210873
211196
211507
211837
