-86.4
-86.08000000000001
-82.492
-75.4928
-69.04352
-63.399168
-58.01925120000001
-54.257326080000006
-49.97159347200001
-46.55443412480001
-42.93899071232001
-39.63509164108802
-36.92158247697922
-34.7594242292813
-32.343481806353175
-30.29913362571786
-28.919220263146073
-27.837298236831465
-26.31356841314832
-25.312211571833487
-23.590990414650136
-22.641891373185125
-21.447702235866615
-20.732932012279953
-20.079638811051957
-19.091674929946763
-17.992507436952085
-16.933256693256876
-17.08993102393119
-14.46093792153807
-12.984844129384264
-11.766359716445837
-11.429723744801255
-11.57675137032113
-12.209076233289018
-8.138168609960116
-7.424351748964105
-6.571916574067694
-4.154724916660925
-2.019252424994832
-2.557327182495349
6.848405535754186
5.443564982178768
6.139208483960892
9.445287635564803
13.790758872008322
16.71168298480749
32.220514686326744
43.07846321769407
47.67061689592467
55.0735552063322
65.78619968569899
76.1275797171291
85.92482174541618
96.80233957087457
97.04210561378711
101.3978950524084
104.75810554716756
116.7222949924508
125.06006549320573
133.75405894388516
143.45865304949666
143.992787744547
152.48350897009232
160.33515807308308
163.44164226577476
165.7174780391973
168.34573023527759
167.54115721174983
170.94704149057486
179.36233734151736
187.93610360736562
198.26249324662908
204.85624392196615
212.42061952976957
211.61855757679263
223.34670181911338
231.04203163720206
235.62782847348186
240.95504562613365
243.7295410635203
250.26658695716827
251.81992826145145
258.8979354353063
259.13814189177566
261.5243277025981
268.6818949323383
269.9237054391045
271.59133489519405
274.65220140567465
281.7369812651072
288.7232831385965
291.3209548247369
296.5088593422632
300.98797340803685
302.3091760672332
309.2382584605099
313.8744326144589
318.426989353013
319.06429041771173
319.06429041771173
321.5178613759406
322.58607523834655
320.04746771451187
323.1827209430607
325.4544488487546
326.67900396387915
318.90110356749125
321.94099321074214
325.32689388966793
324.54420450070114
325.719784050631
328.49780564556795
328.26802508101116
327.70122257291007
321.50110031561906
322.30099028405715
327.6308912556514
324.14780213008623
320.14302191707765
324.46871972536985
325.94184775283287
327.05766297754957
324.3918966797946
327.26270701181517
330.3064363106336
332.8157926795703
331.6642134116133
332.987792070452
337.0390128634068
338.6651115770661
334.6586004193595
334.94274037742355
333.6384663396812
332.10461970571305
331.00415773514175
332.4137419616276
330.68236776546485
331.55413098891836
333.76871789002655
338.94184610102394
333.98766149092154
332.37889534182943
330.5510058076465
335.43590522688186
337.79231470419364
334.0330832337743
336.1697749103969
333.2627974193572
332.2165176774215
330.0148659096794
334.38337931871143
334.2550413868403
332.57953724815627
329.9815835233407
330.5434251710066
333.4490826539059
331.5041743885153
329.1437569496638
330.1493812546974
334.0844431292277
330.52599881630493
330.1733989346744
328.25605904120704
330.97045313708634
330.3634078233777
331.2770670410399
330.50936033693597
333.8184243032424
334.37658187291817
334.58892368562636
333.52003131706374
333.2880281853574
335.28922536682165
334.54030283013947
337.8662725471255
339.429645292413
338.6266807631717
339.1040126868545
337.87361141816905
340.0462502763521
344.0416252487169
344.3774627238452
345.2497164514607
345.6747448063146
345.67727032568314
346.4995432931148
343.64958896380335
342.99463006742303
341.6251670606807
343.23265035461264
343.4593853191514
339.8134467872363
338.1521021085126
339.8768918976614
341.9992027078953
344.7092824371058
343.94835419339523
342.6535187740557
340.02816689665013
340.02816689665013
342.59535020698513
341.28581518628664
341.49723366765795
342.29751030089216
344.36775927080294
340.1309833437226
341.46788500935037
337.75109650841534
335.40598685757385
337.8253881718164
340.5928493546348
338.49356441917126
339.97420797725414
339.91678717952874
340.47510846157587
341.56759761541826
338.9308378538764
340.97775406848876
342.6099786616399
342.28898079547594
335.16008271592835
335.1440744443355
336.139666999902
335.4357002999118
333.18213026992066
334.8139172429286
335.8025255186358
332.9222729667722
332.350045670095
327.18504110308555
329.79653699277696
333.1768832934993
330.48919496414936
331.9702754677344
331.303247920961
336.5329231288649
336.24963081597843
337.57466773438057
336.1172009609425
340.27548086484825
339.9779327783634
335.3601395005271
338.7741255504744
339.026712995427
337.82404169588426
339.22163752629586
335.8094737736663
331.7985263962997
330.5786737566697
330.05080638100276
332.1657257429025
333.51915316861226
335.28723785175106
335.69851406657597
337.4986626599184
337.24879639392657
339.2539167545339
339.98852507908055
341.1096725711725
344.13870531405524
341.83483478264975
343.78135130438477
343.7232161739463
344.5108945565517
344.7798051008965
348.45182459080684
345.5266421317262
343.1939779185536
344.39458012669826
344.67512211402845
344.1476099026256
345.6528489123631
342.43756402112683
344.5338076190141
341.3704268571127
343.3833841714014
342.14504575426133
340.3305411788352
340.78748706095166
340.2487383548565
340.5238645193709
337.2014780674338
337.21133026069043
336.6101972346214
336.5091775111593
340.0182597600434
339.66643378403904
342.05979040563517
341.98381136507163
343.53543022856445
343.331887205708
340.9186984851372
341.16682863662345
338.6301457729611
338.877131195665
339.3294180760985
340.74647626848866
341.1818286416398
343.9936457774758
343.9936457774758
345.9342811997282
343.1108530797554
343.1397677717798
343.94579099460185
343.66121189514166
344.2050907056275
344.6945816350648
345.97512347155833
345.3376111244025
346.13385001196224
345.87046501076605
343.30341850968944
345.0630766587205
344.49676899284844
344.7870920935636
346.4183828842073
347.52654459578656
347.3038901362079
346.43350112258713
346.5101510103284
342.04913590929556
341.114222318366
341.5328000865294
336.6095200778765
338.88856807008887
342.97971126308
338.71174013677205
336.3605661230948
334.8345095107854
335.50105855970685
337.4909527037362
340.31185743336255
339.0206716900263
338.51860452102363
340.2267440689213
342.58406966202915
343.6556626958262
341.03009642624363
342.8870867836193
341.54837810525737
343.18354029473164
344.6351862652585
343.48166763873263
347.49350087485936
344.4941507873734
344.5947357086361
345.8852621377725
342.59673592399525
342.50706233159576
337.7663560984362
339.9297204885926
338.4467484397333
338.08207359576
337.523866236184
336.4514796125656
332.76633165130903
333.42969848617815
333.37672863756035
333.5390557738043
333.7451501964239
335.3206351767815
337.53857165910335
338.544714493193
338.84024304387367
338.1362187394863
341.6725968655377
341.63533717898395
342.6118034610856
337.490623114977
335.87156080347927
337.44440472313136
339.38996425081825
342.9709678257364
344.00387104316275
342.91348393884647
341.30213554496186
340.5419219904657
338.80772979141915
341.68695681227723
345.07826113104954
340.9004350179446
342.7503915161501
344.4353523645351
344.1218171280816
340.65963541527344
333.0636718737461
334.68730468637153
334.7185742177344
335.60671679596095
336.8060451163648
333.75544060472834
335.11989654425554
337.58790688983004
335.72911620084705
336.4762045807623
338.4085841226861
338.0477257104175
338.3729531393758
338.6856578254382
338.6856578254382
341.5770920428944
340.99938283860496
339.2194445547445
341.61750009927005
339.71575008934303
341.89417508040873
338.7847575723678
341.036281815131
340.28265363361794
341.92438827025615
342.8719494432305
342.1047544989074
343.4742790490167
341.866851144115
341.7901660297035
338.54114942673317
337.5770344840598
338.3093310356539
338.7983979320885
338.2485581388797
337.5437023249917
337.72933209249254
338.2563988832433
334.750758994919
336.4356830954271
336.7321147858844
336.788903307296
334.6100129765664
335.1090116789097
335.93811051101875
338.7242994599169
335.5718695139252
336.9846825625327
338.23621430627946
341.5525928756515
338.1373335880864
337.84360022927774
335.74924020634995
332.534316185715
330.8008845671435
328.67079611042914
327.53371649938623
324.4303448494476
325.3173103645028
324.55557932805254
325.6200213952473
326.1580192557226
331.4822173301503
330.4839955971353
330.19559603742175
334.5260364336796
335.2234327903116
339.47108951128047
338.4739805601524
337.3065825041372
336.7359242537235
335.23233182835116
337.0590986455161
336.4631887809645
337.3468699028681
339.78218291258133
337.2839646213232
337.2855681591909
336.29701134327183
333.1773102089447
331.5495791880502
328.5246212692452
328.2021591423206
329.09194322808855
331.1127489052797
329.75147401475175
330.1463266132766
328.06169395194894
328.98552455675406
327.4369721010787
329.05327489097084
329.3079474018738
332.7371526616864
335.4234373955178
338.79109365596605
341.82198429036947
341.17978586133256
341.1918072751993
343.4126265476794
345.64136389291144
345.3772275036203
342.34950475325826
339.15455427793245
339.9790988501392
341.1611889651253
338.5650700686127
339.8685630617515
341.21170675557636
342.02053608001876
338.85848247201693
338.28263422481524
339.5743708023337
338.5069337221003
338.38624034989033
338.38624034989033
339.4776163149013
340.8798546834112
344.5218692150701
343.98968229356313
