9.941830817309254
16.17899873292535
38.509219675293345
3.2015621187164243
4.049691346263317
6.887670143089026
2.009975124224178
18.900793634130814
1.42828568570857
12.990765951243985
3.2
3.080584360149873
8.212794895770866
11.126994203287786
3.4698703145794942
2.3430749027719964
15.596473960482221
13.98177385026664
13.03993865016243
11.653754759733019
2.6248809496813372
13.209466302617981
6.000833275470999
9.664884893261792
7.997499609252882
5.173006862551025
3.2388269481403293
2.727636339397171
27.601630386627527
49.79718867566722
50.55501953317791
38.86077714096824
63.479445492222126
21.243587267690923
25.835827836552866
89.30313544327545
27.62607463973121
26.451654012556567
35.553340208762386
43.30773602949016
48.62550770943168
106.61449244825958
33.474766616064706
38.328057607971736
26.791043279424564
51.23758386184891
68.2949485686899
141.4685830847259
120.29779715356388
88.06588442751257
79.1037925765889
117.35569862601476
67.50081480989692
114.73835452890197
87.23193222667948
82.67744553383348
100.51288474618565
117.97118292193225
91.46168596740387
85.21437672130214
89.37784960492169
80.23814554188051
95.10394313591839
65.17890763122683
87.91131895268094
115.53025577743693
102.56393128190827
88.27343881372244
72.85334583943279
60.30456035823494
105.53430721807956
113.5768022089018
55.96213005238453
88.021361043783
69.87596153184585
82.54114125695136
49.746256140537845
78.17806597761293
60.00074999531255
80.87453245614468
79.96755592113591
66.59496978000665
103.24901936580319
72.47095970111063
102.89611265737885
83.43021035572187
54.16724102259593
77.25729738995534
83.85725967380522
117.15357442263551
80.48881909930098
52.40076335321843
109.57650295569756
69.85098424503408
53.5444675013208
104.16314127367704
48.763100803784006
63.35013812139639
38.89010156839398
97.93651004604973
97.93651004604973
51.95613534511588
107.84878302512273
130.9868695709612
54.174163583760105
35.906684614427995
59.18623150699831
129.91185473235305
32.9607342151233
43.80136984159285
113.57574565020474
80.63132145760729
55.34121429820636
76.32404601434597
106.75973023570263
166.57673907241673
65.65401739421587
33.302252176091635
104.22648415829826
95.08359479952364
55.68877804369566
69.8037248289803
61.09738128594384
145.83017520389942
66.89013380163027
40.92932933728575
49.675345997788476
43.719675204648986
42.968476817313416
34.79727000786125
58.828649483053745
67.24165375717644
102.98762061529531
121.90607039848344
99.63839621350797
54.33681992903155
51.10469645737072
112.89503974931759
106.81029912887614
38.99499967944608
43.706406853000395
109.48625484507176
123.73314026565397
149.70267198684198
32.751183184733954
46.48870830642641
106.68345701185352
37.035658492863334
141.08398208159565
61.011146522582244
59.06064679632284
32.44395167053484
60.972862816174214
74.95498649189392
121.35748843808527
75.93181151533263
46.65018756661113
98.71575355534698
103.64598400324057
51.85325447838351
36.420461282087025
118.62061372291075
64.8937593301544
53.44529913846493
77.27638707910717
41.1082716737155
100.15313275180162
61.02491294545204
39.94546282120161
62.03579611804784
114.35405545934958
105.84465031356096
102.58732865222682
44.68344212345329
104.74425998592953
34.91933561796387
41.16369759873377
85.17417448968908
48.96161762033603
39.546934141599394
40.10536123762009
35.77708763999664
40.326666115611395
43.569369974788486
81.40300977236653
51.65084704048908
37.87994192181397
104.38582279217806
30.415292206388546
53.69553054026005
50.14987537372351
47.81683803849853
65.62926176637978
39.58737172382122
41.12955141987328
52.84023088518823
41.939122546853554
44.68657516525517
56.503097260238754
108.08348625021307
108.08348625021307
36.000138888620974
75.7802744782572
34.4882588716798
49.34014592601039
54.517886972992635
78.42576107376964
46.97712209150322
91.02093165860258
115.64173122190795
44.276856256965665
45.462622009734545
78.69459956057976
47.7913172030234
67.11512497194653
59.51680434969606
28.824295307951587
68.77615865981467
33.70815924965349
37.54210969031975
64.19221136555431
167.28538489658922
109.55363982999378
37.990656746100086
70.47332828808356
96.28857668487991
52.17901877191636
99.21799231994164
87.3624633352334
62.39679478947616
111.40112207693421
68.03094883948042
37.032958293930555
94.83675447841938
47.59001996217275
57.17700586774372
39.84269067219231
61.6166373636212
57.22281013721713
89.32077026089732
37.40334209666296
37.600664887738354
86.46594705431728
45.85248084891372
57.58133378100927
45.528013354417304
46.615019038932076
25.204959829366917
102.7940173356407
57.9693022210894
107.98986063515409
20.2869416127715
66.36120854836808
36.16296448025245
56.002142816145884
70.26101337157044
45.61359446480841
41.10973120807286
87.47365317625645
50.31461020419417
48.73233013103314
96.41830739024618
60.463294650556385
69.2182056976342
53.38576589316669
52.814391977944794
35.47463882832354
87.77790154702949
117.7623029666115
55.6700996945398
52.055355151991805
56.65191964973473
48.42065674895374
60.12029607378859
44.06177481672748
40.89119709668573
31.468237955119125
50.91954438130805
131.65864954495015
28.10142345149085
48.37189266505912
45.97173044382819
105.05241548865023
62.20779693896899
71.7464981723847
54.600732595817796
36.69386869764484
67.57403347440494
54.3639586490903
42.65688690000713
45.89825704751761
51.01225342993583
117.81578841564487
46.615877123572396
105.30982860113295
65.33521255800734
41.728167944447314
45.67986427300327
53.10263646938822
32.65593361090753
32.65593361090753
45.48670135325269
80.1187244032255
39.86527310830819
40.8406660082815
50.1686156874993
37.34287080555002
46.588517898726934
25.97402548701298
81.58946010361878
60.5657493968332
106.30357472822821
117.62720773698577
48.345527197456434
48.99428538105234
44.477409996536444
44.63731622756906
59.550398823181695
64.50899162132362
88.69295349688159
40.46183386847413
110.065843929895
72.05143995785234
36.78872109764078
93.43452252781088
47.760234505286924
29.53235513805155
107.32665093069846
46.330983153824825
66.03249200204395
86.82424776524125
49.19186924685826
62.353909259965405
38.60103625552039
111.11885528568048
32.078653338318304
37.65315391836386
28.2207370562854
113.05945338626044
34.64448007980492
66.26047087064806
31.55455593095869
33.988380367413804
108.7680559723304
34.693515244206665
54.72156795999179
38.7666093436091
51.01225342993583
120.11494494857833
54.85808964956764
112.4477211863362
46.90884777949678
101.58685938643836
59.19763508789857
93.04004514186352
75.30843246277271
105.37665775682963
78.0297379208722
72.30553229179633
62.16590705523406
85.95952535932244
56.30497313737038
53.16624869219193
67.57839891562983
46.15463140357639
44.147027079974485
49.83422518711412
74.21462120094665
57.54163709871314
79.13684350541156
45.24831488575016
50.92975554624232
69.68852129296474
30.629397643440527
71.97228633300459
88.12542198480527
89.68812630443341
32.44395167053483
33.33406665860018
41.45889530607394
33.302252176091635
141.13755701442474
48.58847599997349
64.00187497253498
52.18630088442752
72.62403183519902
61.06070749672001
40.57844255266582
122.67925660029083
34.69351524420666
35.08047890209026
142.04369046177305
39.421314031878744
65.91024199621786
59.87319934661919
39.886839934996104
59.31745105784638
43.164337131479265
52.642283385126824
69.93032246457898
69.93032246457898
39.380705935775204
73.20218575971622
40.3876218661114
19.782820830205182
79.17348040853074
30.437641170103838
54.53219232710161
45.24831488575016
41.30919994383818
22.97846818219178
55.70314174263423
60.346996611264764
41.64804917400093
60.21494831019953
68.6155230250415
78.27266444934655
39.22868848177313
60.97286281617421
32.10545125052754
70.93666188932208
81.9045786265945
57.482519081891326
70.89005572010788
65.59847559204405
63.32329745046447
87.68489037456796
43.42591392244958
87.69264507357501
38.16071278160302
54.59890108784242
51.93996534461685
75.1901589305409
62.14668132732431
59.686263076188645
37.08422845361624
66.58858761079108
67.71971647902846
60.930205973720454
61.73686095032691
59.150316989852215
41.98154356380908
57.49617378573986
99.70180539990237
62.29293699930996
59.220013508948135
53.16352132806855
49.56611745940971
31.509363687640537
46.80224353596737
79.99149954838951
35.254077778322326
69.47265649160107
63.99382782737723
54.09667272577862
68.96781858229242
71.0059152465483
63.542190708221575
79.840152805465
101.40853021319262
52.31452953052335
52.512950783592416
49.718809318003586
43.24129970294602
43.10266813087097
82.48448338930177
63.1244009872569
54.5839720064416
51.584978433648686
30.276888875840594
32.71712090022593
59.81847540685068
48.13117492852216
63.10633882582636
77.34474772083752
58.57004353763108
60.75722179296877
74.25523550565308
48.119019108872116
54.48155651227303
74.1909024072359
51.90847714969107
78.81395815463146
54.1443441182918
38.95176504344829
46.90213214769666
50.83896143707108
112.50906630134301
116.11390958881712
46.327529612531684
69.43457352068924
76.0654980921048
40.524560454124604
66.18466589777424
57.192744295058965
74.88551261759514
61.62864593677196
47.70911862526911
62.95148925958782
51.74756032896623
51.74756032896623
67.98830781833004
28.253318389173334
26.184155514356384
46.56994739099455
