-5.0
-5.0
-5.0
-5.0
-5.0
-5.0
-5.0
-5.0
-5.0
-5.0
-5.0
-5.0
-5.0
-5.0
-5.0
-5.0
-5.0
-5.0
-5.0
-5.0
-5.0
-5.0
-5.0
-5.0
-5.0
-5.0
-5.0
-5.0
-5.0
-5.0
-5.0
-5.0
-5.0
-5.0
-5.0
-5.0
-5.0
-5.0
-5.0
-5.0
-5.0
-5.0
-5.0
-5.0
-5.0
-5.0
-5.0
-5.0
-5.0
-5.0
-5.0
-5.0
-5.0
-5.0
-5.0
-5.0
-5.0
-5.0
-5.0
-5.0
-5.0
-5.0
-4.39
-4.451
-4.5059
-4.5553099999999995
-4.599779
-4.0198011
-4.11782099
-4.206038891
-2.2454350019000002
-1.9008915017100003
-0.3808023515390002
4.6372778836149005
19.023550095253412
18.451195085728074
23.366075577155264
20.52946801943974
17.976521217495765
15.67886909574619
13.610982186171572
11.749883967554416
10.074895570798974
8.567406013719078
7.21066541234717
5.989598871112453
5.500638984001208
4.450575085601088
3.5055175770409788
15.40496581933688
13.364469237403192
16.618022313662873
32.74622008229659
35.64159807406693
54.617438266660244
48.65569443999422
58.2301249959948
75.70711249639533
84.3864012467558
104.73776112208023
104.73776112208023
124.84398500987221
139.25958650888498
147.4336278579965
159.87026507219687
168.63323856497718
179.12991470847948
189.39692323763154
187.15723091386837
193.61150782248154
204.22035704023338
214.01832133621005
224.48648920258904
228.36784028233015
232.51105625409713
238.88995062868742
236.4909555658187
248.05186000923683
258.50667400831315
264.47600660748185
257.1584059467337
260.2125653520603
245.2813088168543
237.5231779351689
236.29086014165202
239.6017741274868
248.47159671473815
244.18443704326435
246.95599333893793
248.40039400504412
254.50035460453972
251.55031914408576
259.0752872296772
260.77775850670946
255.6399826560385
254.99598439043467
255.0863859513912
258.5777473562521
263.4899726206269
270.1809753585642
283.2528778227078
293.207590040437
294.27683103639333
297.679147932754
308.19123313947864
314.2221098255308
319.4798988429778
319.20190895868
325.521718062812
325.1695462565308
329.33259163087774
332.86933246778995
341.10239922101096
345.27215929890986
335.3049433690189
336.434449032117
336.04100412890534
328.4669037160148
334.68021334441335
341.342192009972
345.4279728089748
351.22517552807733
355.4126579752696
354.9113921777427
356.46025295996844
354.67422766397164
345.5968048975745
351.167124407817
354.48041196703537
355.98237077033184
361.6941336932987
363.82472032396885
368.31224829157196
373.2110234624148
379.40992111617334
385.388929004556
392.58003610410043
395.4520324936904
396.1468292443214
402.51214631988927
404.22093168790036
404.11883851911034
404.19695466719935
405.9072592004794
411.4465332804315
409.4418799523883
412.2276919571495
413.32492276143455
416.5224304852911
418.830187436762
420.2571686930858
418.1514518237773
418.2563066413996
420.5006759772596
424.3706083795337
421.4335475415803
419.1701927874223
417.5331735086801
410.5498561578121
411.81487054203086
411.81487054203086
412.76338348782775
413.827045139045
411.9643406251405
412.72790656262646
410.0251159063638
411.95260431572746
414.4873438841547
417.18860949573923
417.93974854616533
415.85577369154885
417.980196322394
418.48217669015463
416.7439590211392
418.79956311902527
420.8396068071228
421.4556461264105
422.41008151376946
423.87907336239255
420.5511660261533
421.976049423538
422.49844448118415
424.9886000330658
426.4297400297592
423.0567660267833
424.291089424105
422.5619804816945
423.4657824335251
424.0292041901726
421.16628377115535
419.5996553940398
421.32968985463583
423.1367208691723
420.7430487822551
423.99874390402954
416.0288695136266
419.35598256226393
420.58038430603756
422.4823458754338
422.7441112878904
423.8197001591014
418.9577301431912
422.22195712887213
422.909761415985
422.9587852743865
425.2129067469479
424.8216160722531
424.8894544650278
427.52050901852505
426.07845811667255
427.62061230500535
425.3485510745048
423.55369596705435
424.90832637034896
428.5874937333141
420.4087443599827
423.7378699239844
421.07408293158596
422.7166746384274
422.7250071745847
424.3325064571262
422.3692558114136
419.44233023027226
416.80809720724505
415.65728748652054
416.0315587378685
415.3184028640817
416.94656257767355
420.7719063199062
423.26471568791555
421.61824411912403
423.58641970721163
425.77777773649046
429.17999996284146
431.80199996655733
432.96179996990156
430.78561997291143
429.6270579756203
430.22435217805827
428.53191696025243
425.5587252642272
426.94285273780446
428.988567464024
429.43971071762167
430.3757396458595
431.4881656812736
432.0893491131462
430.8204142018316
430.6683727816485
431.5815355034837
429.10338195313534
429.5230437578218
431.71073938203966
431.8296654438357
432.6066988994521
432.46602900950694
435.78942610855626
435.12048349770066
434.13843514793064
435.44459163313763
435.44459163313763
436.22013246982385
435.9081192228415
435.0773073005573
436.47957657050165
439.1916189134515
440.2024570221064
437.68221131989577
436.4239901879062
436.3415911691156
435.847432052204
434.62268884698364
434.4904199622853
435.97137796605676
435.7242401694511
438.701816152506
437.8016345372554
436.5314710835298
434.62832397517684
431.6554915776592
434.2199424198933
433.347948177904
427.8531533601136
429.61783802410224
424.57605422169206
421.61844879952287
420.34660391957055
422.27194352761353
420.7047491748522
419.924274257367
422.6718468316303
422.7246621484673
423.2121959336206
423.4009763402585
425.8208787062327
424.3987908356095
425.49891175204857
425.8390205768437
427.36511851915935
429.78860666724347
432.53974600051913
431.1857714004673
426.00719426042053
426.37647483437854
430.3088273509407
430.58794461584665
433.639150154262
435.05523513883577
432.7297116249522
433.566740462457
431.9000664162113
431.4300597745902
428.9470537971312
432.8123484174181
429.60111357567627
429.34100221810866
428.7669019962978
429.20021179666804
428.5801906170013
428.88217155530117
427.513954399771
426.87255895979393
418.42530306381457
423.32277275743314
424.5704954816898
421.17344593352084
419.1461013401688
416.10149120615193
416.18134208553676
418.8632078769831
420.0768870892848
423.62919838035634
424.99627854232074
427.42665068808867
425.7639856192798
425.0875870573518
426.70882835161666
429.76794551645503
430.56115096480954
430.8550358683286
431.2895322814958
430.4805790533462
426.5125211480116
422.7712690332105
423.00414212988943
424.6437279169005
426.1393551252105
425.42541961268944
424.61287765142055
426.0915898862785
427.80243089765065
429.7621878078856
427.27596902709706
424.2583721243874
427.9825349119486
427.5042814207538
430.10385327867846
432.25346795081066
432.9281211557296
426.5453090401567
426.5453090401567
430.2307781361411
430.307700322527
429.2169302902743
430.00523726124686
430.56471353512217
433.44824218160994
432.23341796344897
433.5600761671041
432.6940685503937
433.55466169535435
431.73919552581896
432.1052759732371
433.99474837591345
432.7052735383221
432.38474618448987
430.8762715660409
429.70864440943683
431.24777996849315
430.6130019716438
430.44170177447944
428.5375315970315
431.22377843732835
427.98140059359554
426.953260534236
426.1579344808124
428.6221410327312
429.9299269294581
431.4669342365123
431.8602408128611
432.99421673157497
436.03479505841744
434.5613155525757
437.0651839973182
433.42866559758636
433.43579903782773
430.772219134045
429.40499722064044
428.5944974985764
431.4650477487188
427.43854297384695
429.05468867646226
427.28921980881603
428.44029782793444
430.336268045141
431.85264124062695
429.78737711656424
432.7486394049078
432.043775464417
434.2093979179753
436.5184581261778
437.39661231356
437.19695108220407
438.5772559739837
437.87953037658536
439.4615773389268
440.44541960503415
441.5408776445307
441.0967898800777
434.46711089206997
436.750399802863
434.5953598225767
433.7258238403191
435.0932414562872
434.5139173106585
434.37252557959266
434.3052730216334
436.4147457194701
434.04327114752306
433.1689440327708
434.13204962949374
434.42884466654436
433.34596019988993
433.171364179901
434.57422776191095
434.61680498571985
434.6551244871479
438.1396120384331
437.04565083458976
439.0710857511308
438.09397717601775
436.414579458416
436.48312151257437
436.96480936131695
436.76832842518525
437.0514955826667
438.08634602440003
439.24771142196005
439.8529402797641
438.7976462517877
439.6578816266089
440.81209346394803
440.8608841175532
438.7147957057979
436.5533161352181
434.41798452169627
428.4361860695266
426.102567462574
427.20231071631656
430.02207964468494
430.02207964468494
426.3698716802165
428.05288451219485
423.69759606097534
421.8778364548778
421.40005280939
423.81004752845104
424.3790427756059
424.62113849804535
425.6590246482408
424.4231221834167
424.110809965075
425.59972896856755
428.7897560717108
428.65078046453976
426.2557024180858
424.10013217627716
425.0401189586495
425.2561070627845
426.4804963565061
427.7724467208555
418.74520204876995
416.20068184389294
419.13061365950364
422.3575522935533
422.081797064198
418.7436173577782
420.9792556220004
424.21133005980033
423.9001970538203
426.2501773484383
423.96515961359444
426.728643652235
425.3657792870115
424.76920135831034
427.8522812224793
432.39705310023135
433.8773477902082
436.42961301118737
436.91665171006866
434.6849865390618
436.14648788515564
436.41183909664005
435.51065518697607
436.2395896682784
435.5456307014506
433.93106763130555
429.217960868175
426.8061647813575
427.24554830322177
430.4809934728996
431.7728941256097
430.68560471304875
434.5870442417439
433.88833981756954
431.1795058358126
432.2115552522314
433.69039972700824
433.5913597543074
431.9222237788767
429.200001400989
429.6100012608901
431.3490011348011
430.11410102132095
429.0026909191889
429.8324218272701
429.5491796445431
428.85426168008877
427.4688355120799
427.2519519608719
423.22675676478474
418.99408108830625
418.9946729794756
412.5752056815281
415.4276851133753
419.40491660203776
416.56442494183403
419.64798244765063
419.7931842028856
423.96386578259705
425.7374792043374
423.27373128390366
423.4963581555133
424.45672233996197
426.7510501059658
427.51594509536926
428.32435058583235
426.61191552724915
428.06072397452425
429.7846515770718
431.9261864193647
432.6735677774282
431.87621099968544
434.41858989971695
435.46673090974525
437.0400578187707
435.4260520368937
429.82344683320434
431.3911021498839
432.9119919348956
432.9119919348956
432.380792741406
431.88271346726543
433.8544421205389
431.52899790848505
431.11609811763657
430.9744883058729
431.37703947528564
428.3693355277571
431.0924019749814
428.28316177748326
426.1748455997349
428.71736103976144
430.5856249357853
431.2170624422068
434.18535619798615
434.93682057818756
437.0031385203688
439.28282466833195
435.04454220149876
434.4900879813489
433.931079183214
433.27797126489264
436.6901741384034
435.21115672456307
434.6000410521068
438.43003694689617
437.7270332522065
437.4743299269859
439.07689693428733
439.1092072408586
439.34828651677276
438.9334578650955
438.77011207858595
434.7731008707274
433.65579078365465
431.4102117052892
432.8391905347603
432.0252714812842
431.73274433315584
430.64946989984026
432.30452290985625
427.56407061887063
430.1576635569836
427.4218972012852
425.9697074811567
425.4627367330411
426.416463059737
427.46481675376333
425.838335078387
421.3845015705483
421.5260514134935
423.3134462721442
423.30210164492973
424.7218914804368
426.3797023323931
427.2417320991538
428.05755888923846
427.3818030003146
428.5636227002832
429.66726043025494
432.0505343872295
428.7854809485066
424.2069328536559
425.72623956829034
425.9136156114613
426.0622540503152
426.5560286452837
429.6704257807553
425.6333832026798
428.0000448824118
426.7200403941706
428.93803635475354
428.74423271927816
428.92980944735035
429.00682850261535
429.8561456523538
431.23053108711844
425.96747797840663
424.490730180566
424.7816571625094
422.83349144625845
423.8801423016326
423.60212807146934
421.33191526432245
421.7487237378902
422.3138513641012
423.0124662276911
420.651219604922
423.0960976444298
424.1564878799868
426.0608390919881
428.93475518278933
430.5912796645104
428.42215169805934
430.2799365282534
433.2519428754281
435.1067485878853
436.73607372909674
437.59246635618706
437.59246635618706
440.9932197205684
439.6338977485116
437.36050797366045
437.5644571762944
436.33801145866494
433.53421031279845
434.3107892815186
434.7997103533668
435.6597393180301
437.4637653862271
436.2873888476044
434.808649962844
437.4777849665596
437.4600064699037
437.8640058229133
437.17760524062203
436.74984471655983
435.20486024490384
438.25437422041347
438.38893679837213
434.8500431185349
432.4850388066815
430.54653492601335
428.441881433412
427.9176932900708
428.43592396106374
429.74233156495734
428.49809840846166
426.74828856761553
426.793459710854
424.8141137397686
424.4627023657917
422.90643212921253
424.95578891629134
425.7702100246622
426.143189022196
428.45887011997644
428.33298310797875
427.81968479718086
431.3777163174627
436.2199446857165
434.34795021714484
435.86315519543035
435.39683967588735
430.93715570829863
429.5734401374688
430.93609612372194
432.33248651134977
430.99923786021486
429.7793140741934
431.3513826667741
430.5162444000967
430.164619960087
431.86815796407836
433.44134216767054
427.9572079509035
426.4714871558132
428.1443384402319
426.6399045962087
428.33591413658786
427.5923227229291
427.1530904506362
429.7477814055726
430.06300326501537
429.52670293851384
429.90403264466244
431.0236293801962
432.4512664421766
434.32613979795894
433.04352581816306
427.23917323634674
427.6752559127121
427.4377303214409
427.8339572892968
429.1805615603671
428.8125054043304
429.0312548638974
432.0481293775077
432.7833164397569
434.2249847957812
435.9624863162031
437.5062376845828
437.84561391612453
439.3910525245121
439.20194727206086
441.24175254485476
438.6175772903693
438.4658195613324
440.3692376051992
437.6223138446793
437.9900824602114
436.34107421419026
434.07696679277126
430.5692701134941
431.8323431021447
431.4291087919303
432.41619791273723
430.6745781214635
433.10712030931717
433.10712030931717
433.92640827838545
433.06376745054695
431.04739070549226
430.89265163494304
427.5733864714487
430.3360478243038
430.29244304187347
424.11319873768616
423.81187886391757
424.5706909775258
426.4536218797732
424.71825969179594
424.7764337226164
421.56879035035473
422.5119113153193
422.5807201837874
422.68264816540864
422.1443833488678
423.46994501398103
418.5629505125829
413.9966554613247
416.13698991519226
418.06329092367304
420.7669618313057
422.02026564817515
424.72823908335766
422.3654151750219
421.8588736575197
423.7629862917678
426.716687662591
428.5750188963319
429.46751700669876
431.24076530602883
432.07668877542596
431.1890198978834
431.020117908095
429.0381061172855
429.27429550555695
432.32686595500127
431.83417935950115
434.00076142355107
433.910685281196
434.47961675307636
432.1716550777687
434.11448956999186
429.7830406129927
434.3447365516935
434.8702628965242
427.8732366068718
430.56591294618465
431.4293216515662
431.4263894864096
432.81375053776867
433.6823754839918
435.22413793559264
437.22172414203334
436.82955172783
437.276596555047
438.8589368995423
439.29304320958806
438.3337388886292
437.2203649997663
436.2583284997896
435.77249564981065
434.5352460848296
434.41172147634666
434.70054932871204
436.77049439584084
437.20344495625676
436.3931004606311
436.67379041456803
438.31641137311124
436.4447702358001
436.9502932122201
436.7352638909981
436.81173750189834
435.4305637517085
433.38750737653766
432.38875663888393
433.1098809749956
434.97889287749604
433.40100358974644
433.79090323077185
430.2918129076947
427.5626316169252
428.3663684552327
430.49973160970944
428.73975844873854
429.3857826038647
429.75720434347824
430.53148390913043
429.1683355182174
430.76150196639566
432.4253517697561
432.3228165927805
434.27053493350246
434.1734814401522
435.47613329613705
436.0985199665234
436.0985199665234
436.44866796987105
439.18380117288393
438.4054210555955
436.52487895003594
436.2423910550324
435.52815194952916
434.71533675457624
438.0038030791186
435.95342277120676
434.6580804940861
430.71227244467747
428.5310452002097
426.3179406801887
426.80614661216987
428.2955319509529
425.5359787558576
427.30238088027187
425.8821427922447
426.6239285130202
428.4915356617182
428.1523820955464
428.24714388599176
431.1724294973926
432.5451865476534
432.81066789288803
432.6896011035993
431.1506409932394
434.16557689391544
436.7290192045239
436.40611728407157
434.87550555566446
434.527955000098
432.6351595000882
432.6616435500794
430.13547919507147
429.86193127556436
427.19573814800793
425.82616433320715
428.55354789988644
428.2281931098978
428.31537379890807
429.00383641901726
425.8134527771156
427.36210749940403
429.7858967494637
429.16730707451734
430.59057636706564
433.2615187303591
431.87536685732323
433.23783017159093
434.08404715443186
432.5956424389887
434.07607819508985
433.36847037558084
434.5816233380228
435.8834610042205
435.4151149037985
436.02360341341864
433.7112430720768
428.2401187648691
428.5561068883822
430.84049619954396
429.2364465795896
428.42280192163065
427.9205217294676
428.70846955652087
426.8976226008688
424.10786034078194
424.0570743067038
425.1513668760334
426.4062301884301
427.5156071695871
428.0540464526284
428.7886418073656
428.249777626629
428.2947998639661
429.7653198775695
425.67878788981255
420.2409091008313
416.6868181907481
412.51813637167334
412.766322734506
415.2196904610554
417.5977214149499
417.9679492734549
420.4911543461094
424.76203891149845
422.5658350203486
422.41925151831373
423.5273263664824
422.88459372983414
421.4861343568507
423.2575209211657
421.23176882904914
422.62859194614424
422.51573275152987
423.5941594763769
426.96474352873923
426.56826917586534
426.56826917586534
429.03144225827884
429.478298032451
430.8304682292059
432.0674214062853
428.42067926565676
429.0786113390911
430.110750205182
431.24967518466383
434.2747076661975
433.77723689957776
434.90951320962
436.38856188865805
437.73970569979224
437.845735129813
433.3711616168317
431.7440454551486
434.50964090963373
433.7986768186704
429.47880913680336
428.66092822312305
429.6948354008108
430.05535186072973
430.79981667465677
432.85983500719107
434.50385150647196
435.37346635582475
434.5161197202423
433.594507748218
431.14505697339627
432.39055127605667
431.661496148451
431.8253465336059
429.1728118802454
429.7955306922209
429.1359776229988
431.15237986069894
428.92714187462906
432.39442768716617
432.90498491844954
431.68448642660456
430.8360377839441
433.67243400554975
436.0151906049948
431.89367154449536
431.0243043900458
432.2418739510412
429.29768655593705
429.48791790034335
429.259126110309
430.27321349927814
430.3658921493503
430.2993029344153
431.3993726409738
433.16943537687644
434.6124918391888
434.50124265526995
434.211118389743
434.7300065507687
435.4070058956918
434.20630530612266
434.89567477551043
433.7261072979594
431.09349656816346
431.33414691134715
435.36073222021247
433.55465899819126
433.6991930983721
435.2792737885349
433.42134640968146
435.17921176871334
433.35129059184203
428.27616153265785
427.1785453793921
428.3806908414529
427.02262175730766
426.8303595815769
425.8973236234192
424.3675912610773
427.28083213496956
428.3027489214726
428.19247402932535
429.9232266263928
429.82090396375355
430.3388135673782
429.8549322106404
432.8294389895764
431.84649509061876
434.6018455815569
431.6116610234012
431.17049492106105
429.80344542895494
427.9231008860595
430.5007907974536
431.1607117177083
430.78464054593746
431.6061764913437
432.3855588422094
431.6770029579884
430.74930266218956
430.74930266218956
432.39437239597066
432.2749351563736
433.1774416407362
431.9896974766626
434.7307277289964
434.39765495609674
435.84788946048707
434.3531005144383
436.6677904629945
436.90101141669504
435.76091027502554
436.52481924752294
438.0323373227707
433.3491035904936
430.9241932314443
431.77177390829985
432.7245965174699
433.5421368657229
429.6279231791506
430.9851308612356
430.606617775112
430.1159559976008
429.4043603978407
431.2439243580567
429.449531922251
429.85457873002593
431.62912085702334
433.416208771321
432.37458789418895
434.25712910477006
434.5614161942931
433.0452745748638
435.47074711737747
432.6636724056397
434.53730516507574
432.1235746485682
430.98121718371135
432.6430954653402
430.4787859188062
428.7609073269256
429.44481659423303
428.38033493480975
429.4423014413288
429.63807129719595
431.20426416747637
429.3938377507287
430.01445397565584
430.55300857809027
428.5977077202813
430.49793694825314
427.9781432534278
430.700328928085
431.1502960352765
432.8152664317488
431.64373978857395
428.54936580971656
426.18442922874493
428.1159863058705
431.83438767528344
432.1909489077551
430.9118540169796
431.15066861528163
431.9756017537535
433.7080415783782
432.8872374205404
430.92851367848635
432.36566231063773
431.25909607957396
430.4731864716166
429.11586782445494
425.0942810420094
424.5248529378085
422.18236764402764
419.10413087962485
420.33371779166237
418.6003460124962
423.69031141124657
424.2112802701219
425.71015224310975
424.0291370187988
428.3462233169189
431.451600985227
433.0464408867043
431.0917967980339
432.9126171182305
430.15135540640745
431.47621986576667
432.45859787919
436.392738091271
436.10346428214393
434.24311785392956
429.5188060685366
430.716925461683
432.80523291551475
427.9547096239633
429.53923866156697
427.30531479541025
428.7247833158692
430.0023049842823
430.0023049842823
430.7720744858541
431.6348670372687
431.97138033354184
434.5042423001877
433.5638180701689
435.157436263152
438.9716926368368
439.1445233731531
438.1600710358378
433.69406393225404
433.23465753902866
432.82119178512585
427.8390726066133
428.385165345952
427.0866488113568
426.5479839302211
426.63318553719904
424.0798669834792
424.9418802851313
424.53769225661813
425.01392303095633
427.6525307278607
425.77727765507467
426.1695498895672
429.7025949006105
430.06233541054945
431.0161018694945
429.98449168254507
431.9560425142905
431.0604382628615
432.2943944365753
432.0149549929178
433.74345949362606
434.0591135442635
433.3732021898371
435.5558819708534
436.1302937737681
436.2272643963913
428.8645379567522
431.118084161077
433.3562757449693
434.74064817047235
432.7665833534251
435.38992501808264
438.00093251627436
439.95083926464696
434.48575533818223
435.20717980436405
434.80646182392763
432.8658156415349
431.4992340773814
427.23931066964326
427.00537960267894
426.2248416424111
426.72235747817
426.790121730353
425.84110955731774
428.01699860158595
426.92529874142735
428.5727688672846
430.6854919805561
431.3469427825005
428.51224850425046
423.9410236538255
425.3169212884429
426.53522915959866
426.3917062436388
427.5025356192749
429.7022820573474
426.8020538516127
427.83184846645145
426.1886636198063
427.4697972578257
428.0528175320431
427.1675357788388
428.16078220095494
430.4847039808594
433.7962335827735
433.15661022449615
434.79094920204653
437.0418542818419
438.0776688536577
439.02990196829194
437.86691177146275
438.84022059431646
435.6561985348848
436.2405786813963
434.1565208132567
435.670868731931
436.25378185873797
437.3684036728642
437.7615633055778
434.95540697501997
429.14986627751796
426.9348796497662
424.73139168478957
425.5682525163106
427.5214272646796
428.70928453821165
428.70928453821165
428.5183560843905
429.9665204759515
431.4998684283563
433.0898815855207
429.34089342696865
427.5468040842718
427.5121236758446
428.9109113082601
428.3198201774341
429.1778381596907
429.4000543437216
430.00004890934946
429.13004401841454
430.74703961657315
428.1423356549159
430.8881020894243
429.8892918804819
430.6503626924337
431.14532642319034
432.7507937808713
432.80571440278413
434.4351429625058
431.5016286662552
432.69146579962967
432.5623192196667
433.8560872977
434.41047856793
434.86943071113706
433.1324876400234
432.7292388760211
433.94631498841903
432.5116834895772
432.0005151406195
432.7404636265575
433.1964172639018
429.37677553751166
427.3690979837605
426.5521881853845
425.8569693668461
428.1812724301615
431.3431451871454
431.0788306684309
432.9209476015878
432.55885284142903
434.67296755728614
432.9756708015575
432.7981037214018
435.24829334926164
432.6334640143355
434.130117612902
437.2671058516118
435.8803952664506
434.42235573980554
433.490120165825
431.2611081492425
429.46499733431824
429.4484976008864
428.6136478407978
426.22228305671797
425.92005475104617
426.2580492759416
430.9822443483474
428.60401991351273
428.8836179221615
429.4552561299454
427.01973051695086
428.9077574652558
429.7469817187303
426.4622835468573
426.9160551921716
428.39444967295447
428.67500470565903
430.14750423509315
430.0827538115838
428.1944784304254
430.13503058738286
429.0215275286446
428.60937477578017
426.23843729820214
426.144593568382
427.0901342115438
423.4611207903894
428.06500871135046
427.99850784021544
429.9386570561939
429.4747913505745
430.25731221551706
430.16158099396534
431.9054228945688
429.7948806051119
430.9053925446008
430.91485329014074
430.9833679611267
431.845031165014
433.19052804851265
434.5914752436614
434.6923277192953
434.5730949473658
434.27578545262924
434.27578545262924
430.5582069073663
428.4123862166297
421.07114759496676
422.1040328354701
423.0536295519231
424.07826659673077
421.5504399370577
420.91539594335194
421.56385634901676
423.3274707141151
425.9447236427036
428.07025127843326
428.82322615058996
430.490903535531
432.60181318197795
434.46163186378016
433.52546867740216
430.68292180966193
433.1546296286958
431.1691666658262
432.1822499992436
434.33402499931924
435.39062249938735
435.3915602494486
434.76240422450377
435.6061638020534
433.56554742184807
431.70899267966325
430.89809341169695
430.9482840705272
432.0034556634745
433.10311009712706
434.74279908741437
432.1585191786729
428.44266726080565
427.2884005347251
428.8795604812526
431.3416044331274
431.7274439898146
430.68469959083313
432.54622963174984
434.03160666857485
435.76844600171734
436.4916014015456
436.5724412613911
435.42519713525195
435.0426774217268
432.65840967955415
432.95256871159876
433.17731184043885
434.38958065639497
434.47062259075545
433.9335603316799
437.72020429851193
438.9181838686608
439.5363654817947
439.5227289336152
440.54045604025373
441.6464104362284
443.2517693926055
444.256592453345
445.3909332080105
445.7618398872095
440.70565589848854
438.9150903086397
436.96358127777575
435.7972231499982
434.55750083499845
435.21175075149864
435.4205756763488
436.42851810871394
435.29566629784256
434.6960996680583
433.9664897012525
434.3198407311273
433.6478566580145
429.3430709922131
431.7587638929918
432.54288750369267
433.1885987533234
433.21973887799106
435.26776499019195
432.0809884911728
431.8428896420555
434.97860067784995
435.970740610065
432.1036665490585
431.9932998941527
427.2439699047374
430.2295729142637
432.78661562283736
434.05795406055364
434.9721586544983
435.8149427890485
435.54344851014366
433.1091036591293
431.3181932932163
434.1463739638947
430.0417365675052
430.0417365675052
431.79756291075466
429.7378066196792
430.7040259577113
429.7636233619402
429.54726102574614
412.7125349231715
416.9812814308544
419.7931532877689
421.3538379589921
421.3284541630929
420.1256087467836
422.45304787210523
426.75774308489474
427.8119687764053
429.7507718987648
429.3056947088884
428.4651252379996
426.7586127141996
428.4027514427797
429.2724762985017
428.85522866865153
429.6597058017864
431.0337352216078
431.490361699447
433.08132552950235
435.7331929765521
436.5398736788969
432.55588631100727
435.4502976799066
434.015267911916
432.5337411207244
432.820367008652
431.6883303077868
430.0594972770082
430.9735475493074
429.7961927943767
430.98657351493904
434.20791616344513
432.93712454710067
431.7334120923906
429.4700708831516
424.00306379483646
424.9127574153528
427.16148167381755
429.3753335064358
430.7978001557923
430.3980201402131
431.88821812619176
430.4293963135726
430.1464566822154
430.6718110139939
428.4746299125945
426.74716692133507
426.7724502292016
424.96520520628144
426.4086846856533
426.447816217088
428.31303459537924
428.6417311358413
426.81755802225723
428.4358022200315
432.7522219980284
432.0269997982256
430.684299818403
431.36586983656275
431.72928285290646
433.8863545676158
432.60771911085425
430.8869471997688
432.91825247979193
432.36642723181274
434.0397845086315
432.5758060577684
431.7882254519916
434.73940290679246
432.36546261611323
432.05891635450195
427.97302471905175
429.7057222471466
429.4951500224319
429.6856350201887
430.46707151816986
428.7303643663529
432.6173279297176
431.94559513674585
429.4710356230713
426.23393206076423
427.15053885468785
428.7954849692191
429.8359364722972
430.79234282506746
432.66310854256074
433.9467976883047
431.6921179194742
429.22290612752676
431.6306155147741
430.97755396329666
432.049798566967
426.1148187102703
426.1148187102703
424.64333683924326
423.63900315531896
423.40510283978705
422.58459255580834
421.25613330022753
421.03051997020475
425.7074679731843
425.6867211758659
428.02804905827935
432.3652441524514
434.4987197372063
433.1988477634857
430.4089629871371
432.3380666884234
432.0142600195811
434.352834017623
433.8475506158607
434.9927955542746
434.61351599884716
433.41216439896243
434.4309479590662
433.0978531631596
434.1280678468437
430.84526106215935
428.8807349559434
429.9326614603491
428.2493953143142
423.2844557828828
424.0960102045945
424.4264091841351
428.13376826572164
431.4903914391495
430.28135229523457
431.5932170657111
432.81389535913996
432.21250582322597
430.5512552409034
431.43612971681307
430.76251674513173
430.7862650706186
432.4676385635567
433.35087470720106
432.67578723648097
431.93820851283283
431.2343876615496
431.04094889539465
431.6868540058552
433.1981686052697
432.63835174474275
434.4945165702685
432.7750649132417
431.9875584219175
434.7088025797258
434.3779223217532
435.2601300895779
434.83411708062016
433.88070537255817
436.47263483530236
436.3053713517721
436.764834216595
437.8283507949355
435.1255157154419
431.7029641438977
433.8426677295079
432.37840095655713
433.2705608609014
432.8535047748113
436.3281542973302
432.38533886759717
435.29680498083746
433.05712448275375
434.47141203447836
430.33427083103055
424.9308437479275
424.5677593731348
423.2309834358213
425.6678850922392
422.1810965830153
424.8929869247138
426.1536882322424
427.4783194090182
428.6704874681164
427.13343872130474
427.1600948491743
426.57408536425686
427.8166768278312
428.9750091450481
428.3775082305433
429.329757407489
427.24678166674016
429.3021035000662
430.8618931500596
433.73570383505364
432.7021334515483
432.38192010639347
432.6637280957541
433.9473552861787
434.2826197575609
433.13435778180485
433.13435778180485
433.1509220036244
436.805829803262
432.0152468229358
430.69372214064225
432.78434992657805
421.55591493392023
424.31032344052824
425.1892910964754
426.97036198682787
427.2033257881451
426.61299320933057
429.68169388839755
430.6535244995578
430.15817204960206
428.6423548446419
429.5081193601777
431.10730742415996
431.076576681744
432.9389190135696
432.3650271122126
434.2885244009914
434.41967196089223
430.47770476480304
432.7599342883227
434.5439408594905
435.80954677354146
434.9885920961873
435.44973288656854
435.2147595979117
432.60328363812056
427.6029552743085
428.78265974687764
426.81439377218993
427.65295439497095
427.7976589554739
426.9378930599265
427.00410375393386
428.0336933785405
430.5603240406864
426.77429163661776
428.816862472956
430.6351762256604
432.29165860309433
430.5624927427849
432.26624346850645
431.37961912165576
430.3116572094902
430.2104914885412
433.9494423396871
434.07449810571836
433.13704829514654
431.5133434656319
434.9120091190687
436.5208082071619
436.9787273864457
438.04085464780115
436.3467691830211
434.192092264719
432.27288303824713
430.1655947344224
432.11903526098024
430.61713173488226
431.47541856139406
435.08787670525464
437.1390890347292
436.9451801312563
432.12066211813067
430.8285959063176
430.48573631568587
433.1871626841173
433.0084464157056
433.267601774135
435.2908415967215
436.1217574370494
436.6595816933444
437.33362352401
432.870261171609
435.1432350544481
434.7689115490033
438.072020394103
435.7848183546927
436.14633651922344
437.2717028673011
436.474532580571
436.7270793225139
438.7843713902625
438.8259342512363
439.87334082611267
437.8060067435014
440.1554060691513
439.8898654622362
438.4308789160126
437.9177910244113
439.2260119219702
437.3934107297732
432.7340696567959
433.65066269111634
433.06559642200466
431.8890367798042
431.8890367798042
432.8301331018238
434.0571197916414
434.95140781247727
435.1662670312296
434.59964032810666
435.269676295296
435.91270866576644
436.8314377991898
438.07829401927086
437.7904646173438
436.29141815560945
435.6122763400485
432.5610487060436
432.38494383543923
