0.1490004062652588
0.24057579040527344
0.32457518577575684
0.37380290031433105
0.4682424068450928
0.5422420501708984
0.6292417049407959
0.6682417392730713
0.8287918567657471
0.9327905178070068
0.9837906360626221
1.1647918224334717
1.4833660125732422
1.8379030227661133
2.6037824153900146
3.3891944885253906
4.011313199996948
4.604753494262695
5.843366384506226
6.31692099571228
6.791464805603027
7.5090107917785645
8.494797468185425
9.105898141860962
9.798997163772583
10.217032432556152
10.966727256774902
11.503766298294067
12.001453876495361
12.46567177772522
12.868227243423462
13.375771522521973
13.82934856414795
14.540621757507324
15.151132106781006
16.348806142807007
17.127000093460083
17.81861901283264
18.21828842163086
18.795408725738525
19.66610813140869
20.43827533721924
21.10275363922119
21.666295051574707
22.183430910110474
22.668996334075928
23.143577337265015
23.64063048362732
24.082637786865234
24.762284517288208
25.65632700920105
26.884522676467896
27.696139335632324
28.55428457260132
29.27046251296997
32.20399808883667
32.819157123565674
33.132715940475464
33.78882074356079
34.23438215255737
34.92654633522034
35.43609881401062
36.148926973342896
36.66909861564636
38.37612795829773
38.98270058631897
40.141833543777466
41.02397584915161
41.9560124874115
42.728705167770386
43.23728561401367
43.93702745437622
44.369078397750854
44.98262667655945
45.86092519760132
47.13862156867981
47.84821915626526
50.63116383552551
52.12414312362671
53.396947622299194
54.94116544723511
55.03916573524475
55.103166580200195
55.204729080200195
55.55372905731201
56.79502582550049
58.30242204666138
58.45243716239929
58.58701777458191
60.468693256378174
60.69390845298767
61.875221490859985
62.11522173881531
62.48988199234009
62.87197685241699
62.99146866798401
63.22519850730896
63.63019895553589
64.03450632095337
64.35678148269653
64.35678148269653
64.7208948135376
65.26670122146606
65.76526236534119
66.21985268592834
66.6068594455719
67.098397731781
67.424978017807
67.71251559257507
68.08006763458252
68.39463496208191
68.75768184661865
69.16168212890625
69.53527641296387
69.86884641647339
70.50684452056885
70.78500628471375
71.09900617599487
71.50710487365723
71.85864305496216
72.15064406394958
72.5692024230957
73.2201714515686
73.73089647293091
74.03289461135864
74.29846978187561
74.61105108261108
74.90759134292603
75.19618773460388
75.80630135536194
76.16330146789551
76.45267653465271
76.83787250518799
77.13287234306335
77.4624559879303
77.84352040290833
78.30210471153259
78.6116988658905
78.92226958274841
79.22981572151184
79.60981559753418
79.85937190055847
80.15537238121033
80.42894506454468
81.02076005935669
81.31920719146729
81.55920791625977
81.8677761554718
82.16877627372742
82.47683525085449
82.76993203163147
83.02693104743958
83.30647683143616
83.59947800636292
83.83905124664307
84.13565754890442
84.44325232505798
84.723468542099
85.02846884727478
85.33803009986877
85.63902926445007
86.20470023155212
86.49670076370239
86.8048243522644
87.10782384872437
87.4395158290863
87.72536277770996
88.13037848472595
88.44991111755371
88.74509406089783
88.97909498214722
89.30267429351807
89.60967373847961
89.91325354576111
90.21380090713501
90.45680093765259
90.74442934989929
90.99343061447144
91.30923366546631
91.89477372169495
92.13777375221252
92.41350555419922
92.71850442886353
92.96250462532043
93.24506878852844
93.48731541633606
93.76631593704224
94.0315613746643
94.32262849807739
94.57562804222107
94.86378216743469
95.09279537200928
95.3925666809082
95.6335666179657
95.92012619972229
96.15412616729736
96.37868189811707
96.6576817035675
96.90378093719482
97.48444724082947
97.48444724082947
97.7330265045166
98.03556966781616
98.3281307220459
98.5871319770813
98.87367415428162
99.11968088150024
99.39572477340698
99.63572454452515
99.91930222511292
100.17030358314514
100.46236991882324
100.75892686843872
101.00392627716064
101.28048276901245
101.52848386764526
101.8075921535492
102.05020022392273
102.33574604988098
102.84036922454834
103.12337040901184
103.3790762424469
103.66907572746277
103.91066431999207
104.23203587532043
104.52803611755371
104.77219438552856
105.05838871002197
105.30647349357605
105.59247303009033
105.8380036354065
106.11700439453125
106.36354112625122
106.66054248809814
106.92369079589844
107.20876169204712
107.44876146316528
107.74232912063599
107.9873297214508
108.54788494110107
108.79395961761475
109.0839581489563
109.32852172851562
109.61953473091125
109.93959093093872
110.18964719772339
110.4716465473175
110.71123194694519
111.00278997421265
111.24734306335449
111.53434205055237
111.83290672302246
112.14443755149841
112.38998913764954
112.6799886226654
112.9381697177887
113.23022818565369
113.47522783279419
114.0487813949585
114.29631066322327
114.58131098747253
114.82992386817932
115.11443829536438
115.35995411872864
115.63795471191406
115.88251495361328
116.16551423072815
116.40910267829895
116.70611071586609
116.95469927787781
117.25124549865723
117.52824592590332
117.79379343986511
118.07779264450073
118.33035945892334
118.61935925483704
118.863454580307
119.1474552154541
119.66001677513123
119.94656324386597
120.19112849235535
120.48057842254639
120.7761652469635
121.08972525596619
121.33567881584167
121.62767791748047
121.8702597618103
122.16525888442993
122.40080332756042
122.68580269813538
122.98719787597656
123.23022627830505
123.51522636413574
123.75976920127869
124.04576921463013
124.30589151382446
124.59689283370972
125.20456719398499
125.46056699752808
125.73910069465637
125.73910069465637
125.97956681251526
126.27868676185608
126.56168603897095
126.81023049354553
127.10123634338379
127.35178422927856
127.63478517532349
127.89688229560852
128.18646001815796
128.4374601840973
128.7280285358429
128.98157954216003
129.27158093452454
129.5275797843933
129.82012128829956
130.11712288856506
130.37167501449585
130.94281435012817
131.20539712905884
131.49339604377747
131.74699544906616
132.02799272537231
132.27605986595154
132.57405853271484
132.8326756954193
133.1191861629486
133.37477350234985
133.66577315330505
133.92788457870483
134.21443891525269
134.47243881225586
134.76699113845825
135.01205801963806
135.39458179473877
135.6595811843872
135.96674728393555
136.53530621528625
136.78587079048157
137.07787036895752
137.32148933410645
137.60647773742676
137.9240517616272
138.17305207252502
138.46106266975403
138.7166678905487
138.9962089061737
139.2407717704773
139.52677178382874
139.7683503627777
140.05334997177124
140.29699993133545
140.57933473587036
140.82637977600098
141.11303043365479
141.36759305000305
141.64859342575073
142.16812777519226
142.44173502922058
142.75679922103882
143.01287007331848
143.294100522995
143.54009985923767
143.8316707611084
144.09767150878906
144.38224816322327
144.61624789237976
144.9013388156891
145.1533386707306
145.43883895874023
145.68384456634521
145.97231078147888
146.2297055721283
146.53470635414124
146.82925415039062
147.06867170333862
147.34625005722046
147.87181305885315
148.15881276130676
148.39988350868225
148.68288278579712
148.91953539848328
149.21561360359192
149.52861332893372
149.77118039131165
150.0531804561615
150.2987401485443
150.59073996543884
150.83530807495117
151.13386964797974
151.37840104103088
151.663400888443
151.9549596309662
152.2095172405243
152.50051760673523
152.7610559463501
153.3652069568634
153.62720680236816
153.98077511787415
154.41655254364014
154.41655254364014
154.7481243610382
154.9997000694275
155.33601641654968
155.6290168762207
155.89062428474426
156.19217085838318
156.43017101287842
156.72377133369446
156.97343564033508
157.2566783428192
157.56668400764465
157.8247811794281
158.12578296661377
158.44232201576233
158.71289229393005
159.0072557926178
159.55020570755005
159.8307626247406
160.076762676239
160.3952989578247
160.67429900169373
160.92739987373352
161.20898389816284
161.48598265647888
161.77353620529175
162.0125367641449
162.29707169532776
162.53707194328308
162.83861088752747
163.1193768978119
163.36615371704102
163.6491539478302
163.8917019367218
164.17270302772522
164.41927075386047
164.98739671707153
165.22713112831116
165.51418948173523
165.76728320121765
166.07934284210205
166.35859060287476
166.60460901260376
166.8931586742401
167.13970136642456
167.43935465812683
167.69835329055786
167.99758005142212
168.24882078170776
168.52582025527954
168.77540707588196
169.05999445915222
169.30654978752136
169.59055042266846
169.83660864830017
170.12521123886108
170.6796486377716
170.96425461769104
171.211674451828
171.50067496299744
171.7572205066681
172.05622053146362
172.33676719665527
172.57876706123352
172.86432218551636
173.11390662193298
173.40750312805176
173.65450358390808
173.937828540802
174.19326448440552
174.47616744041443
174.7297215461731
175.0352964401245
175.32364654541016
175.5769350528717
175.85904741287231
176.42328524589539
176.7167568206787
176.96875596046448
177.24884700775146
177.49285507202148
177.78094100952148
178.02593970298767
178.32656240463257
178.5785620212555
178.88513255119324
179.16733264923096
179.41996455192566
179.70656776428223
179.95556712150574
180.23714590072632
180.48014640808105
180.78170371055603
181.0217535495758
181.30031061172485
181.54331016540527
182.12387895584106
182.4254596233368
182.67445969581604
182.97351264953613
182.97351264953613
183.22266030311584
183.50466203689575
183.77523064613342
184.0792315006256
184.39281511306763
184.64981508255005
184.95590114593506
185.2055628299713
185.51382398605347
185.7653968334198
186.08166980743408
186.34242939949036
186.632892370224
186.9454207420349
187.19900941848755
187.8044617176056
188.05434560775757
188.3399200439453
188.595685005188
188.89030718803406
189.4524576663971
189.7454652786255
189.99146437644958
190.27872776985168
190.52272844314575
190.79830646514893
191.04005455970764
191.32988476753235
191.58088493347168
191.8634262084961
192.16142582893372
192.41251158714294
192.69808316230774
192.95308327674866
193.55121636390686
193.7983365058899
194.08358025550842
194.39062523841858
194.64262676239014
194.97517251968384
195.26026058197021
195.5646357536316
195.80666875839233
196.09548449516296
196.3366527557373
196.63265252113342
196.87420964241028
197.16080784797668
197.40438055992126
197.6873812675476
198.00394368171692
198.25201296806335
198.54601311683655
199.1082022190094
199.4157943725586
199.69579362869263
199.94333457946777
200.22939729690552
200.47741270065308
200.78602766990662
201.05002760887146
201.3462483882904
201.60124707221985
201.91133975982666
202.20534086227417
202.45333862304688
202.74444127082825
203.0014410018921
203.31462621688843
203.59162402153015
203.88821816444397
204.15221738815308
204.79529643058777
205.10722279548645
205.35780668258667
205.66180658340454
205.92335772514343
206.21393847465515
206.47795033454895
206.78165936470032
207.04745650291443
207.34289002418518
207.59589004516602
207.87895131111145
208.12472653388977
208.42465496063232
208.740225315094
209.0042269229889
209.30235981941223
209.5663604736328
209.85342669487
210.10542702674866
210.70256280899048
211.0245177745819
211.34260535240173
211.59160470962524
211.89814519882202
212.14203095436096
212.4187753200531
212.4187753200531
212.6657738685608
212.95337510108948
213.27858328819275
213.57258224487305
213.83012628555298
214.1321256160736
214.41275024414062
214.67275023460388
214.95231890678406
215.19042253494263
215.472638130188
215.72118759155273
216.33221745491028
216.5832269191742
216.86400318145752
217.10400366783142
217.38279366493225
217.63379406929016
217.93451023101807
218.1725091934204
218.46906208992004
218.7556173801422
219.00780296325684
219.2905342578888
219.5391881465912
219.82072949409485
220.06672883033752
220.34978103637695
220.59177994728088
220.8703510761261
221.11835074424744
221.4069037437439
221.96674799919128
222.27129650115967
222.51029562950134
222.7929184436798
223.03191781044006
223.31053280830383
223.5505335330963
223.82806849479675
224.0680694580078
224.3546051979065
224.60460495948792
224.90466737747192
225.1888129711151
225.43981766700745
225.73535871505737
226.02535939216614
226.28996539115906
226.619446516037
226.93403506278992
227.51318526268005
227.81738710403442
228.0849757194519
228.39929699897766
228.67526626586914
228.98384380340576
229.25831770896912
229.58404445648193
229.844731092453
230.1348192691803
230.39915299415588
230.7338991165161
231.0320906639099
231.29227948188782
231.62228226661682
231.88283610343933
232.1804015636444
232.43539929389954
232.73595309257507
232.9974706172943
233.6297173500061
233.88325762748718
234.20380234718323
234.4638020992279
234.76097917556763
235.0089795589447
235.2970736026764
235.59656739234924
235.84825229644775
236.13811469078064
236.38918685913086
236.69181513786316
236.9663691520691
237.2901589870453
237.56684160232544
237.86538290977478
238.11838269233704
238.42792534828186
238.69759917259216
239.00359964370728
239.6287863254547
239.94235467910767
240.20490407943726
240.50295662879944
240.77705430984497
241.08410906791687
241.3421106338501
241.63155698776245
241.63155698776245
241.89006924629211
242.2104640007019
242.46794748306274
242.75490069389343
243.04150772094727
243.34570980072021
243.59370875358582
243.89251899719238
244.20351004600525
244.45617079734802
244.74867177009583
244.99793219566345
245.61090183258057
245.8667380809784
246.16074228286743
246.4107723236084
246.71435117721558
246.9666838645935
247.26788091659546
247.5284297466278
247.82561707496643
248.09971380233765
248.4152569770813
248.72681522369385
248.9975368976593
249.3215992450714
249.6113986968994
249.94677114486694
250.2055766582489
250.4996566772461
250.8087034225464
251.40072059631348
251.71442985534668
252.01190781593323
252.26373410224915
252.56612348556519
252.81667280197144
253.11367273330688
253.36391806602478
253.67091917991638
253.93646454811096
254.23401618003845
254.47349572181702
254.7830445766449
255.27084136009216
255.57735323905945
255.85891127586365
256.17495799064636
256.44651913642883
256.758914232254
257.03960132598877
257.73444151878357
258.0040237903595
258.3035752773285
258.56500792503357
258.87427139282227
259.1463460922241
259.4524426460266
259.7016980648041
259.99601221084595
260.2505660057068
260.5745677947998
260.87611150741577
261.184937953949
261.45103311538696
261.749614238739
262.0036151409149
262.29812240600586
262.5615129470825
262.87603664398193
263.14230036735535
263.7991156578064
264.05797243118286
264.3996844291687
264.67736744880676
264.99974942207336
265.3149507045746
265.57249426841736
265.88277196884155
266.1480975151062
266.4755892753601
266.73871874809265
267.0468006134033
267.2976825237274
267.60586881637573
267.8924717903137
268.21900248527527
268.47550082206726
268.8120138645172
269.1344561576843
269.7469072341919
270.0436246395111
270.3821985721588
270.63919854164124
270.94555020332336
271.2040202617645
271.5016279220581
271.75819540023804
272.0629692077637
272.0629692077637
272.3292033672333
272.6332018375397
272.96052074432373
273.21736216545105
273.51787757873535
273.77975964546204
274.10512924194336
274.4337213039398
274.69856905937195
275.0020306110382
275.2668797969818
275.9384980201721
276.202196598053
276.5121097564697
276.78071570396423
277.10371470451355
277.38821935653687
277.71280694007874
277.9878399372101
278.2975034713745
278.5666069984436
278.8648872375488
279.1345794200897
279.4562735557556
279.76385617256165
280.03278279304504
280.35936212539673
280.6207046508789
280.9198088645935
281.1818070411682
281.8678345680237
282.12983441352844
282.43947076797485
282.70407271385193
283.01607179641724
283.3436348438263
283.60381031036377
283.90946555137634
284.1694676876068
284.4635467529297
284.73446249961853
285.03868079185486
285.29888343811035
285.5964856147766
285.8610906600952
286.17109060287476
286.4437446594238
286.74960350990295
287.00960397720337
287.3326780796051
288.0418348312378
288.30593061447144
288.63726568222046
288.90714383125305
289.22829270362854
289.51175355911255
289.8281102180481
290.09422492980957
290.40125131607056
290.6692523956299
290.975549697876
291.2391335964203
291.54183650016785
291.80443716049194
292.1086847782135
292.44377517700195
292.71434116363525
293.02834153175354
293.29399132728577
293.6217751502991
294.29637718200684
294.55347084999084
294.8600125312805
295.1150140762329
295.4214668273926
295.7006368637085
296.00463819503784
296.26872634887695
296.56572675704956
296.8348197937012
297.2423892021179
297.51097083091736
297.81552624702454
298.1525309085846
298.43381452560425
298.7447431087494
299.0089566707611
299.3106019496918
299.56927037239075
300.2389919757843
300.5009903907776
300.8113431930542
301.0723440647125
301.3814857006073
301.6567738056183
301.96452808380127
302.2310333251953
302.52867913246155
302.7915403842926
302.7915403842926
303.11654019355774
303.42080783843994
303.68758034706116
303.9937152862549
304.2573096752167
304.5673110485077
304.8359303474426
305.14093136787415
305.41547751426697
305.73778462409973
306.420565366745
306.69056510925293
307.02135038375854
307.32642555236816
307.594446182251
307.91963720321655
308.2242760658264
308.5029480457306
308.82428789138794
309.0843873023987
309.39667415618896
309.6602592468262
309.9858615398407
310.2954466342926
310.559446811676
310.8620798587799
311.1350781917572
311.4413025379181
311.70857191085815
312.38865423202515
312.6456530094147
312.9627377986908
313.26575469970703
313.53202509880066
313.8457715511322
314.17732667922974
314.4336016178131
314.77255272865295
315.07960057258606
315.33616495132446
315.6400980949402
315.89922547340393
316.21132254600525
316.4883222579956
316.7979383468628
317.0609383583069
317.36154198646545
317.6262228488922
318.2914662361145
318.56397581100464
318.8817319869995
319.14163637161255
319.44778633117676
319.7157926559448
320.02216243743896
320.28818345069885
320.5963065624237
320.85637307167053
321.1513729095459
321.4154748916626
321.7181327342987
321.99113297462463
322.2991976737976
322.5651979446411
322.8851988315582
323.1493649482727
323.46929955482483
323.74260544776917
324.4486382007599
324.7612998485565
325.035108089447
325.34565687179565
325.61449456214905
325.9742705821991
326.2809479236603
326.59150767326355
326.8943934440613
327.24676275253296
327.8896837234497
328.1914246082306
328.9314646720886
329.23353362083435
329.4945366382599
329.7967116832733
330.05727887153625
330.7159538269043
330.98395323753357
331.2876317501068
331.5563862323761
331.8805298805237
332.1429834365845
332.45661544799805
332.71762442588806
333.00651574134827
333.32710123062134
333.58664321899414
333.89235949516296
334.15035939216614
334.45545864105225
334.45545864105225
334.71505904197693
335.0370600223541
335.310738325119
335.6176223754883
335.9517195224762
336.21633553504944
336.8719186782837
337.1379187107086
337.4454445838928
337.70963430404663
338.0217044353485
338.2932903766632
338.59529066085815
338.85187697410583
339.1865212917328
339.48452067375183
339.74682569503784
340.06382513046265
340.33583974838257
340.6388385295868
340.90530610084534
341.23991775512695
341.5502588748932
341.811404466629
342.11940336227417
342.7655510902405
343.07155203819275
343.3536150455475
343.6801896095276
343.9950647354126
344.2626361846924
344.5715708732605
344.9119210243225
345.1737525463104
345.48331236839294
345.7524869441986
346.0643129348755
346.3325538635254
346.6484463214874
346.9194178581238
347.2280373573303
347.50003576278687
347.8099343776703
348.0799345970154
348.4040558338165
349.0692412853241
349.389032125473
349.6379222869873
349.94155859947205
350.22585582733154
350.5468933582306
350.8228290081024
351.1367416381836
351.41149520874023
351.71528816223145
351.98440504074097
352.28772044181824
352.5517203807831
352.86428928375244
353.13528871536255
353.437540769577
353.7037823200226
353.99789333343506
354.282466173172
354.58746695518494
355.2704265117645
355.52820014953613
355.8429753780365
356.11214232444763
356.44681429862976
356.7043614387512
357.00942754745483
357.2755925655365
357.5825922489166
357.9121906757355
358.16218996047974
358.46878480911255
358.74633955955505
359.0033390522003
359.3019242286682
359.5539243221283
359.84092378616333
360.0809237957001
360.3737349510193
360.9953136444092
361.31209421157837
361.5970935821533
361.850177526474
362.14519357681274
362.41178369522095
362.7231857776642
362.99507689476013
363.28768277168274
363.5346839427948
363.8178050518036
364.0714340209961
364.37993359565735
364.6299407482147
364.9225027561188
364.9225027561188
365.18435072898865
365.50535011291504
365.77054166793823
366.0835418701172
366.35617208480835
367.047235250473
367.3058121204376
367.6268045902252
367.9214720726013
368.18601393699646
368.4960117340088
368.7351083755493
369.01610708236694
369.26519536972046
369.5531885623932
369.80179381370544
370.0827934741974
370.33233880996704
370.6343400478363
370.939950466156
371.20652532577515
371.51052594184875
371.7706971168518
372.070698261261
372.3253161907196
373.01538848876953
373.28235626220703
373.5981636047363
373.8715453147888
374.1976270675659
374.46852445602417
374.77652192115784
375.0530457496643
375.3488988876343
375.61303424835205
375.91672444343567
376.1749498844147
376.4734990596771
376.72605657577515
377.03105425834656
377.3401916027069
377.61119508743286
377.9058487415314
378.1648483276367
378.83394622802734
379.15294647216797
379.416610956192
379.7145051956177
380.00195264816284
380.31715273857117
380.57514572143555
380.87570238113403
381.134694814682
381.4733200073242
381.76239585876465
382.06442499160767
382.32808089256287
382.6340799331665
382.89563822746277
383.2201135158539
383.5775456428528
383.8330144882202
384.12401366233826
384.3856382369995
385.06590270996094
385.3809723854065
385.62312602996826
385.9248912334442
386.1768915653229
386.47173380851746
386.7393629550934
387.0333631038666
387.3524479866028
387.6024475097656
387.93954062461853
388.2560863494873
388.5502543449402
388.80520129203796
389.1155698299408
389.3751184940338
389.69446849823
389.9526798725128
390.2458086013794
390.9033558368683
391.2020297050476
391.44902992248535
391.73960065841675
391.98260712623596
392.2771825790405
392.5431823730469
392.8411965370178
393.1481957435608
393.39782977104187
393.6838300228119
393.9290006160736
394.222571849823
394.4755713939667
394.7741401195526
395.0171391963959
395.0171391963959
395.30277395248413
395.5497736930847
395.83660221099854
396.09891414642334
396.8363072872162
397.1363136768341
397.40254402160645
397.7090835571289
397.979736328125
398.28782081604004
398.5778181552887
398.82439708709717
399.10839676856995
399.3699400424957
399.67393922805786
399.9270896911621
400.2138776779175
400.48387694358826
400.7835168838501
401.04051661491394
401.34034490585327
401.6003441810608
401.91593623161316
402.66972303390503
402.9233458042145
403.2111859321594
403.4681861400604
403.742733001709
404.0428240299225
404.299418926239
404.61241817474365
404.86798119544983
405.16898226737976
405.4145531654358
405.70009422302246
405.95314359664917
406.27578258514404
406.5717816352844
406.8123812675476
407.1089267730713
407.36998867988586
407.6899871826172
407.9591476917267
408.68775701522827
408.9443233013153
409.2419214248657
409.50692105293274
409.81252121925354
410.07402205467224
410.38373708724976
410.76997232437134
411.0661745071411
411.3939383029938
411.65882444381714
411.9719491004944
412.2797620296478
412.5387632846832
412.8425781726837
413.10743594169617
413.40472626686096
413.66007804870605
413.9910578727722
414.7597539424896
415.02147483825684
415.3062274456024
415.55522656440735
415.8839807510376
416.1730806827545
416.4201018810272
416.7377059459686
417.0550856590271
417.34494400024414
417.652969121933
417.96700501441956
418.2101995944977
418.50719952583313
418.7505941390991
419.0562720298767
419.3093776702881
419.6213755607605
419.9021375179291
420.64571475982666
420.96530413627625
421.28969287872314
421.55205845832825
421.8551194667816
422.1024124622345
422.404602766037
422.65959882736206
422.97324562072754
423.2362816333771
423.5222816467285
423.77085971832275
424.07740902900696
424.3753032684326
424.6223027706146
424.9068787097931
425.1528785228729
425.46075320243835
425.46075320243835
425.7438154220581
426.40653920173645
426.69408202171326
426.956591129303
427.2966158390045
427.5926160812378
427.8438973426819
428.1319077014923
428.4556849002838
428.7135190963745
429.01554799079895
429.29126954078674
429.61290097236633
429.87408471107483
430.1821434497833
430.44044184684753
430.74525690078735
431.01126313209534
431.3178508281708
431.58085012435913
431.88245391845703
432.6044087409973
432.92272090911865
433.21728253364563
433.4642815589905
433.75709199905396
434.0205252170563
434.3100838661194
434.5650825500488
434.8466446399689
435.09464716911316
435.3872354030609
435.63023567199707
435.9167263507843
436.2213053703308
436.4673066139221
436.7839665412903
437.08996534347534
437.35152983665466
437.6685280799866
438.4218120574951
438.70205211639404
439.00765347480774
439.2571589946747
439.54882550239563
439.809818983078
440.1050820350647
440.3853724002838
440.7093322277069
441.01433539390564
441.30551195144653
441.6214997768402
441.88377499580383
442.18968391418457
442.4550714492798
442.7506365776062
443.0717124938965
443.34037232398987
443.6513891220093
443.91406083106995
444.66714000701904
444.93374156951904
445.2350404262543
445.48883628845215
445.7891528606415
446.0449204444885
446.35432958602905
446.63592767715454
446.9461181163788
447.2216320037842
447.5272009372711
447.79373955726624
448.1230249404907
448.419766664505
448.6863980293274
448.9958322048187
449.2715730667114
449.5730118751526
449.9023001194
450.6043770313263
450.9176592826843
451.18200755119324
451.4920070171356
451.7681813240051
452.0701811313629
452.3511426448822
452.6780261993408
452.9805009365082
453.264662027359
453.6006624698639
453.97603726387024
454.28084349632263
454.53490710258484
454.82588958740234
455.0841474533081
455.38035345077515
455.64819288253784
455.93174600601196
456.1903655529022
456.1903655529022
456.9819424152374
457.2885980606079
457.5441584587097
457.82981610298157
458.08696579933167
458.39936351776123
458.6531915664673
458.9583914279938
459.2079293727875
459.5293574333191
459.78393173217773
460.10240745544434
460.39054131507874
460.6422584056854
460.9353497028351
461.18688797950745
461.4868097305298
461.75548362731934
462.04848408699036
462.71459674835205
463.0045928955078
463.25117588043213
463.5497577190399
463.7982246875763
464.07521867752075
464.32534623146057
464.62834548950195
464.9139847755432
465.16198468208313
465.4465343952179
465.7001235485077
466.0051221847534
466.257771730423
466.55124950408936
466.82896304130554
467.13096356391907
467.3920967578888
467.6828758716583
468.0044524669647
468.7037613391876
469.01734709739685
469.2799069881439
469.58390641212463
469.85751938819885
470.34203481674194
470.5938539505005
470.8723888397217
471.10838890075684
471.38891983032227
471.63131618499756
471.9308636188507
472.1665246486664
472.45270133018494
472.6965572834015
472.9797434806824
473.22256445884705
473.51103353500366
473.758581161499
474.0425810813904
474.73883843421936
475.032838344574
475.3384063243866
475.5814061164856
475.8550145626068
476.10001492500305
476.4345545768738
476.7431995868683
477.03619837760925
477.28546237945557
477.57349824905396
477.81691122055054
478.11091113090515
478.3530812263489
478.6610817909241
478.93663787841797
479.1842336654663
479.46623277664185
479.71680545806885
480.4051170349121
480.6511170864105
480.9336516857147
481.18521642684937
481.4812157154083
481.7257912158966
482.01779198646545
482.2640845775604
482.54208517074585
482.8346366882324
483.083637714386
483.3651797771454
483.6111800670624
483.90180373191833
484.15580463409424
484.4423499107361
484.67934942245483
484.9609169960022
485.2114610671997
485.4984610080719
486.2278525829315
486.2278525829315
486.4647831916809
486.74631905555725
487.0462784767151
487.3618416786194
487.6078407764435
488.2700834274292
488.54940152168274
488.7930314540863
489.0780293941498
489.3205668926239
489.5995662212372
489.84513878822327
490.1361391544342
490.38828349113464
490.6802840232849
490.94687056541443
491.2494161128998
491.9622850418091
492.2763819694519
492.540381193161
492.8349766731262
493.16251134872437
493.4230651855469
493.7114887237549
493.971488237381
494.2780728340149
494.53407192230225
494.85148572921753
495.1181523799896
495.40213227272034
495.6411325931549
495.93768882751465
496.21023964881897
496.5147774219513
496.7753760814667
497.09436202049255
497.84750723838806
498.1085090637207
498.4022207260132
498.6442210674286
498.9363679885864
499.18194365501404
499.4789445400238
499.738160610199
500.03415966033936
500.28023886680603
500.5717897415161
500.8283703327179
501.14137148857117
501.42099618911743
501.680997133255
501.9855532646179
502.23812913894653
502.54468727111816
502.78423595428467
503.06723523139954
503.78045320510864
504.06545329093933
504.31258177757263
504.6055819988251
504.8866729736328
505.1446723937988
505.4406728744507
505.6796736717224
505.9852468967438
506.2648379802704
506.5164940357208
506.81704330444336
507.0690438747406
507.36267614364624
507.6116759777069
507.88225054740906
508.13224935531616
508.40955662727356
508.6595571041107
508.93911242485046
509.6096889972687
509.8962368965149
510.1442358493805
510.4248733520508
510.68587279319763
510.971981048584
511.21655535697937
511.5055556297302
511.7681396007538
512.0811383724213
512.3907854557037
512.6417841911316
512.937863111496
513.1879243850708
513.4689350128174
513.7204759120941
514.002475976944
514.2970190048218
514.5405874252319
515.2747488021851
515.5167639255524
515.7943325042725
516.0323328971863
516.0323328971863
516.3112692832947
516.552271604538
516.8436756134033
517.0978450775146
517.4004342556
517.7288548946381
517.9728546142578
518.2543964385986
518.4939510822296
518.7835125923157
519.0295100212097
519.3110451698303
519.5570456981659
519.8416147232056
520.0826153755188
520.3657913208008
521.0813462734222
521.3979179859161
521.6679239273071
521.978063583374
522.2362213134766
522.5500700473785
522.8591232299805
523.1235244274139
523.4482734203339
523.7478222846985
523.9938223361969
524.2963719367981
524.5819129943848
524.8274981975555
525.1204917430878
525.3763406276703
525.6683418750763
525.9078848361969
526.1884524822235
526.4390158653259
527.2181553840637
527.474155664444
527.7657089233398
528.0117084980011
528.2942585945129
528.5407996177673
528.8243680000305
529.1213676929474
529.3689239025116
529.6609253883362
529.9124777317047
530.2130770683289
530.4650797843933
530.7556657791138
531.0526661872864
531.3053472042084
531.5923466682434
531.8528966903687
532.1518974304199
532.8677501678467
533.1557586193085
533.3983037471771
533.6888732910156
533.9338746070862
534.214478969574
534.5260503292084
534.834466457367
535.0888583660126
535.3754279613495
535.612428188324
535.8931007385254
536.1421012878418
536.4362123012543
536.678210735321
536.9878141880035
537.2383811473846
537.5499658584595
537.8343968391418
538.0927932262421
538.8370494842529
539.1330497264862
539.3787069320679
539.6717059612274
539.9242377281189
540.2177891731262
540.4583313465118
540.7418720722198
540.9908730983734
541.2724645137787
541.5134646892548
541.8130786418915
542.0750794410706
542.3837656974792
542.6345722675323
543.0131380558014
543.261700630188
543.5597014427185
543.8082420825958
544.5529429912567
544.7944884300232
545.1014881134033
545.3551065921783
545.634105682373
545.634105682373
545.9366497993469
546.1832444667816
546.459386587143
546.7139859199524
547.0139851570129
547.3505420684814
547.5985422134399
547.8861603736877
548.1431608200073
548.4393031597137
548.7390282154083
548.9780278205872
549.2616732120514
549.5766735076904
550.2748594284058
550.5553996562958
550.8059635162354
551.0909640789032
551.3445425033569
551.6245391368866
551.8791396617889
552.1760511398315
552.424595117569
552.7257158756256
552.9667155742645
553.2562773227692
553.5072779655457
553.791823387146
554.0388238430023
554.3443872928619
554.6469609737396
554.8975028991699
555.202045917511
555.4570469856262
556.1857166290283
556.4347169399261
556.7338523864746
557.0298507213593
557.2954435348511
557.6004440784454
557.8444995880127
558.1365003585815
558.3836712837219
558.6702148914337
558.9144899845123
559.201751947403
559.4483380317688
559.7286741733551
559.9895803928375
560.2902185916901
560.5373055934906
560.8225944042206
561.0695946216583
561.3526651859283
562.0792245864868
562.382777929306
562.6393308639526
562.9238975048065
563.2420988082886
563.4850995540619
563.7807991504669
564.0287976264954
564.3223950862885
564.5709409713745
564.86048579216
565.1174867153168
565.4325516223907
565.7220888137817
565.9620933532715
566.2466385364532
566.4942142963409
566.7808177471161
567.0398185253143
567.8269567489624
568.0719559192657
568.3534829616547
568.5970559120178
568.8776905536652
569.1276903152466
569.414847612381
569.660847902298
569.959862947464
570.2109923362732
570.5041062831879
570.7494692802429
571.0496032238007
571.3296024799347
571.5776028633118
571.8754301071167
572.1468226909637
572.4518282413483
572.7058227062225
573.0048220157623
573.7588276863098
574.0198283195496
574.3408279418945
574.6208279132843
574.9278268814087
575.1898279190063
