0.0
0.0
0.0
0.0
0.0
0.0
0.0
0.0
0.0
0.0
0.0
0.0
0.0
0.0
0.0
0.0
0.0
0.0
0.0
0.0
0.0
0.0
0.0
0.0
0.0
0.0
0.0
0.0
0.0
0.0
0.0
0.0
0.0
0.0
0.0
0.0
0.0
0.0
0.0
0.0
0.0
0.0
0.0
0.0
0.0
0.0
0.0
0.0
0.0
0.0
0.0
0.0
0.0
0.0
0.0
0.0
0.0
0.0
0.0
0.0
0.0
0.0
18.3
0.0
0.0
0.0
0.0
18.6
0.0
0.0
61.2
18.6
54.89999999999999
124.61123544849397
172.29814276422135
39.05905784834038
146.24376909803715
0.0
0.0
0.0
0.0
0.0
0.0
0.0
0.0
0.0
18.3
0.0
0.0
157.02754535431038
0.0
95.37656944973435
185.86417083451025
134.09552565242436
163.4785612855704
0.0
185.29176991976735
195.31359399693613
207.60069845739923
156.5672060170967
156.5672060170967
163.9212005812549
188.39002096714148
184.8767156783136
178.73041151410132
173.00130057314598
131.20304874506536
146.46760734032628
176.06646472284265
150.917228970055
173.01043321141069
172.40058004542792
126.67047801283455
149.83928056420987
153.62213382192033
147.25423593228143
189.64727786076975
125.3741998977461
122.51057097246752
170.91331135988207
165.6484530564653
165.61766210160076
104.54611422716772
142.9874470014763
189.65378983822075
185.95063861143365
151.52824819155006
180.36418713259016
186.13675080434814
148.53767198929705
169.8947909737082
194.9666638171767
144.73962829854165
186.29248508729492
176.41609903860814
136.22466736975355
171.65806127298538
169.66908970110023
164.22183167898234
174.56758003707336
96.91898678793542
47.44428311187767
162.34558817534895
172.79296860694302
41.12614740040696
130.36966671737716
135.45907130938113
172.05350911852977
131.96757177428097
170.2086954300514
136.84063723908918
133.1082642062468
36.796195455508716
69.18641485147211
152.94848806052318
123.51858159807375
129.05909499140307
203.28209463698468
77.99769227355384
48.66425793125793
57.82352462449864
52.88894024273884
50.305963861156656
141.25522999167146
139.16910576704873
123.06762368714203
186.51887303970074
44.45233402196109
147.615751192073
67.57699312635921
71.93253783928382
66.46352383074493
46.54470968864238
82.40273053728257
29.42379989056478
30.989675700142456
42.685009078129525
144.9034506145385
70.35509931767561
52.99207487917415
82.75530194495094
137.8715344079408
38.3938797206013
50.947129457899784
43.765397290553636
59.38720400894454
52.01355592535469
64.99507673662674
31.067829019743233
40.89303119114552
42.73277430731592
139.97985569359616
51.46221915152902
51.95007218474292
42.14925859371669
139.00431647974102
141.851189631952
140.1276560854423
178.82172686785015
55.921015727542
55.921015727542
47.87911862179587
66.73409922970416
136.6592843534606
71.27720533242027
93.44415444531563
60.12162672449906
46.66915469558025
60.38915465545117
47.585817214796265
141.60045903880396
62.68883473155328
67.3542871686725
142.3295120486261
33.373792112973916
36.676422944447566
45.35416188179427
47.92702786528704
26.093869011704644
139.35580361075745
30.847366176061126
43.32851255235979
57.01263017963651
49.40283392681032
62.138635324570814
49.836131471052205
140.8332347139694
40.91503391175424
38.29738894493984
75.495960156819
54.50183483149902
42.23848955632765
50.04438030388627
148.84340764709737
44.45683299561497
178.39173187118286
61.009917226628
43.29018364479412
29.937267744401794
54.51687812045
49.544424509726625
139.15372794143894
47.52304704035716
62.50351990088238
55.47467890848941
47.52104796824245
50.55106329247685
40.38130755683872
37.57339484262767
39.581435042201285
51.90809185473879
139.89742670971472
140.35611849862477
47.2640455314608
35.23364868985328
147.5613770605303
53.6359021551796
140.1245517388013
32.533828548143546
36.80706453929734
39.816579461324906
69.65924202860666
146.7081797310566
42.82861193174488
144.16174943444602
57.76711867490017
141.379241757763
47.68479841626679
51.09363952587446
57.54832751696612
66.72001199040659
58.30788968913212
37.4492990588609
20.00399960007998
36.71294049786805
45.75412549705218
146.3063908378578
45.17919875340863
69.84010309270742
63.50125983002226
144.1185623020158
70.31671209605864
58.39554777549398
72.93044631702182
51.310427790070115
41.838379509727666
49.338119137235054
73.43187318869103
47.65091814435478
60.8618106861766
65.75682474085865
63.15227628518231
38.14498656442285
49.07025575641521
29.39795911283639
81.01950382469643
41.32565788950008
43.850769662572624
77.98339566856524
32.32893440866865
32.32893440866865
40.97511439886409
49.013161497703855
61.697974034809285
37.068719967109736
33.39820354450221
57.363838783679746
45.70557952810576
69.54487759713147
49.6088701745968
45.2442261509687
55.889533903943054
40.84372656847071
47.0149976071466
83.27454593091457
25.42144763777232
49.13461101911768
49.18627857441545
69.38623782854926
63.88967052661956
52.36229559520858
42.1218470630147
135.947195631245
45.10931167730228
68.99826084764746
71.33442366767954
58.267400834428855
55.42959498318565
143.3905157254133
41.418474138963646
55.44402582785633
66.98626724933999
63.74041104354443
49.83061308071576
39.98299638596387
74.25523550565308
45.55699726715974
50.82017315987815
48.254429848460546
32.15338240372232
34.25799176834509
49.32139495188675
108.11493883825676
53.8721634984154
37.25332199952106
48.76156273131532
43.7754497406937
41.32021297137758
81.56690505345904
45.430056130275695
62.26307091687656
59.17567067638524
48.82458397160185
26.054558142482477
139.32555400930585
53.52569476429054
54.65930844787556
41.59675468110463
55.86949077985229
66.70862013263353
62.24596372456611
46.60997747263991
178.5498249789117
32.894376419078085
52.216472496713145
136.71810414133162
145.72196128243675
137.07009155902682
148.02057289444602
57.97240722964676
50.52919947911306
38.95176504344829
51.24070647444275
52.63658423568155
55.04325571766263
56.71155085165631
34.51970451785473
31.71135443338868
64.39728255136237
52.29005641611032
38.29308031485584
145.5766464787536
139.36627999627456
85.71400119000396
50.39335273624886
45.0825908749708
56.92486275784949
49.006122066533685
54.53081697535807
32.25585218220098
43.99045350982415
40.52209273964019
50.29801188913932
41.87469402873292
39.729711803636334
59.522768752805845
37.01958940885218
43.47229002479626
35.11409973215888
140.51437648867108
140.51437648867108
25.401574754333637
46.22337071222738
49.31977291107492
51.7753802496901
60.375822975757444
42.14783505709398
64.58645368806063
52.02547452931112
42.58743946282753
47.58371570190794
57.30479910094791
53.924391512561364
50.994117307783654
58.48666514685206
73.11942286424312
55.26490749110144
63.81974616057322
49.30811292272297
70.35403328878878
40.4807361593141
45.33034303863142
42.185779594550574
145.7757181426317
68.3462508115844
70.20683727387241
38.755128692858186
28.941492705111116
38.01065640054115
41.998095194901396
43.34697221260096
36.18894858931384
51.79777987520314
33.70815924965349
144.2893273946483
66.97947446792935
34.36509857398928
47.386601481853496
52.57004850673052
57.25041484565854
90.44313130359872
62.828655882487254
54.76166542390763
36.994053576216814
31.40127385951086
49.984497596754935
44.312075103745705
26.687824939473806
62.95879604947985
48.29710136229709
19.12093093967969
50.49168248335562
59.296205612163746
58.73329549752849
42.25920018173557
31.18990221209422
37.66178434434566
41.65141054034064
38.79291172366416
138.9401309917333
30.564849091726263
47.26690173895471
86.72537114362785
40.22983967156717
56.55625518013016
57.21966445200461
46.65415308415748
29.59459410095026
141.54296167595191
41.19478122286851
25.19444383192453
71.22422340748967
59.8300927627561
64.38975073720971
36.51520231355702
58.58498101049449
50.998039177991934
27.31757675929547
61.10286408999172
37.81282851096966
47.05751799659646
41.41750837508215
42.44160694412972
45.86512836567668
46.400431032480725
47.58613243372485
37.0113496106262
45.89346358687695
56.54033958157662
46.976696350424646
35.245425235057105
35.03940638766587
52.835688696183375
33.71112575990306
60.37954951802804
45.53855509345899
129.39567226147867
92.30325021363006
65.12518713984629
62.3188574991551
62.3188574991551
38.13462993133669
37.080453071665666
77.9400410572127
69.29826837663406
32.69082440073973
48.60504089083765
62.0519943273381
51.96306380497594
42.72704061832506
55.35350034099018
41.610215091969906
55.65608681896347
36.53286191909963
56.80176053609606
51.89421933125114
146.9891492593926
50.34332130481659
55.90670800539055
48.85130499792201
51.93110821078248
144.79727207375146
56.467778422742995
38.29164399709158
40.68218283229158
31.116555079250016
134.03063082743438
37.532519233326184
45.3542721251262
51.26880142932932
49.2589078238647
77.80385594557637
34.897564384925204
52.745521136869996
54.9275886963919
39.762293696415455
27.499272717655643
46.95913116743111
19.80504986108341
34.053046853402115
64.91563756137653
37.98170612281655
60.47611098607449
39.62373026356806
40.53097580863308
30.44355432599814
79.75362060746835
135.72457404611737
43.64275426688834
48.45162535973381
44.093536941370445
35.73569643927484
55.10617025342988
31.594461539959813
48.81434215473973
63.595282843934264
63.79851095441021
30.21258016125071
66.19070931784913
57.31047024759089
94.17435956777196
55.82302392382555
45.528013354417304
64.81820731862305
70.7771149454398
50.93731441683984
40.40792001575929
48.78770336877931
59.06098543031601
32.38224822337078
140.46351839534705
136.17154622019973
45.963028620838294
185.34875235620012
31.750433067912635
41.21116353610997
141.76953128228928
28.601398567202967
65.88087734692063
38.91850459614295
47.728503014446204
70.94427390565076
39.069809316145886
36.5799125203984
43.56879617340833
51.58139199362498
37.48653091444979
59.69556097399537
36.44296914358104
32.44395167053484
34.11685800304594
52.31672772641653
32.24608503369052
38.96164780909555
65.50183203544768
46.94422222169625
58.76470028852355
71.94748084540556
44.83804188409659
22.433011389467975
22.433011389467975
30.176812290233705
73.22595168381221
37.22687201471539
46.930160877627515
67.60355020263358
72.76132214301772
46.57252408878007
44.26296420259266
34.36917223326742
35.89986072396382
37.703580731808486
45.97869071646125
52.71090968670527
28.70696779529318
23.44546864534808
58.699318565039576
46.78931501956403
30.98967570014246
67.05438091579103
45.460422347356165
49.1394953169037
66.22869468742381
42.546915281839176
87.91183083066807
51.01264549109368
22.796710288986876
48.574067155221826
51.79343587753182
48.76935513209089
39.299363862536
37.609174412635014
48.275873891624165
40.61539117132814
43.18518264405049
59.493192887926256
45.296357469447805
37.091912865205536
35.89442853703065
41.599158645338015
41.822123332035645
32.341304859266266
140.7660825625264
35.92561760081516
139.81258884664143
48.784116267490184
44.9587588796666
40.20447736260229
50.048876111257485
95.85176054721165
155.01293494415233
58.40342455712678
64.87403178468253
48.3234932512127
55.9504244845381
43.44893554507406
61.462183495219236
47.453556241866636
73.12461965713052
59.27022861437266
61.71093906269779
38.29164399709158
85.13659612646022
139.32049382628531
74.72911079358566
49.785941790830876
40.22238182902648
61.587336360651285
39.58547713492917
138.7955690935413
34.09120121086964
49.174790289334226
48.782066376897156
50.929362846986415
58.05721316081233
70.41455815383634
48.60915551621937
51.02587578866237
136.94539057595185
54.510182535009
52.328195076841695
32.81783051939905
42.663919182372354
46.17456009535987
139.4363295558227
45.060514866121984
54.12799645285238
38.244084509895124
70.71520345724814
38.3573982433637
49.805722562773845
40.49148058542686
44.97510422444844
32.656546051289624
43.11484663083008
27.2910241654651
47.32863826479693
44.14702707997448
35.08332937450493
27.22149885660229
27.22149885660229
64.88327981845553
55.808959854130954
45.83764828173452
57.13527806880789
45.70787678289159
53.80343855182492
68.69650646139146
61.58376409411819
42.211846678391126
48.13117492852216
65.57293649059801
49.014793685172236
41.79054917083526
59.879963259841766
33.08247270081244
52.8450565332274
50.99107765089889
53.323634534791424
29.99683316618606
64.93412046066382
46.30982617112701
58.27143382481677
42.30945520802649
43.98238283676773
60.85523806542868
55.223998406489905
36.9682296032688
72.26209241365765
34.7649248525004
52.05535515199181
54.71014531145023
63.90782424711391
71.06820667499638
43.04927409376377
36.13986718293248
36.584832922947726
37.66178434434566
36.408240825395566
65.59695114866238
33.78816360798556
36.00222215363935
51.20790954530364
38.45061768034423
73.24452197946273
68.7499818181794
42.398231095176605
46.38922288635584
30.230613622617717
52.168956286281976
55.5063960278453
46.15896445978831
53.745697502218725
42.4358339142758
35.17897099120439
45.854552663830454
147.98256654079222
55.981157544302356
34.631777315061385
57.18470075116246
37.99526286262539
40.754018206797724
70.59433405026213
60.38617391423305
52.38788027778944
49.48949383455038
61.74633592368052
49.80451786735818
31.830959771895035
24.416387939250967
55.44591959738787
141.85344549921936
55.51432247627634
50.05007492501884
41.263058539085534
33.929485701967245
48.31614636951088
39.60807998376089
33.949374073758705
28.436596139481953
53.18984865554704
29.96397837404105
38.985125368529985
49.08655620432136
35.10284888723421
67.90029455017114
29.80671065381083
41.19223227745736
43.371534443687835
32.83976248391575
60.49537172379388
55.5716654420218
53.762905427441325
87.1126282464259
141.96548876399504
56.70238090239245
43.856128420096546
38.5643617864992
41.49698784249286
29.81274895074253
29.81274895074253
34.86846713005893
47.59001996217274
51.18681470847742
52.17710225759955
50.14987537372351
28.322429274340152
46.670011784871015
143.59613504548093
59.36909970683402
64.42856509344283
44.24296554255829
47.99051989716302
53.30112569167746
53.1884385933635
54.779558231150425
49.787146935730306
100.376491271612
66.438016225652
36.16407056734626
134.4226171445862
134.77941237444242
55.31582052180009
56.10739701679272
22.443039009902378
54.73764700825201
42.69297366077936
71.22141531870874
42.20912223678668
45.10088690923938
39.39809640071459
45.31015338751349
36.69673009956065
41.732002108693514
33.71112575990306
61.56914811819309
51.480578862324386
63.21518804844292
38.5595643128913
58.85711511788528
59.68450385150236
46.844957039152035
53.83019598701085
34.87463261455237
57.3309689434951
36.13917541948073
138.79250700235946
27.203676222157917
49.40485806072111
134.44511891474528
23.81512124680452
39.710955667170744
31.094050877941264
40.15980577642277
50.263804074104854
46.461704660935546
28.187940683916587
64.34446363130242
58.50820455286592
25.56736200705892
62.286114022308375
47.897912271830805
50.647408620777426
41.0687228922449
43.71315591443839
34.366262525913406
48.04591553920062
49.25251262626101
38.205235243353755
43.63817136407069
57.15496478872154
63.37949195126133
35.41595685563218
41.95521421706722
60.71614282874037
43.89487441604088
57.98663639149972
55.28652638753858
54.70648956019752
53.8631599518632
54.628197846899546
47.80125521364476
51.772193308763725
35.57822367685042
141.34411908530186
139.8656498215341
40.85388598407745
52.251411464189175
45.38601106067816
53.687614959131864
47.93839797072906
61.281726476984964
74.97392880195088
58.85312226211962
45.0093323656328
43.16294707269188
25.5530820058951
51.73209835295684
32.32893440866866
60.11330967431422
60.11330967431422
37.20537595563307
28.034978152301097
31.094050877941264
46.39439621333594
57.972493477510525
31.79135102508228
68.48532689562049
30.176812290233702
47.98176737053357
61.9774152413603
142.0561860673445
67.83870576595636
51.01215541417555
54.219553668395314
50.33299116881492
73.01513541725441
44.171936792493035
35.520275899829386
45.91742588604026
34.5978323020388
51.72513895583075
47.693710277142415
26.196373794859472
34.20657831470432
30.88624289226516
41.497469802386746
51.98278561216203
40.53652673823943
60.001333318518846
54.68500708603776
44.498202210875895
50.97881913108619
39.15660863762336
45.07205342559844
78.65138269604674
71.1213048249257
52.980751221552154
74.95898878720284
50.81426964938097
44.9956664580046
63.07844322746084
53.984812679123
138.83259703686306
29.106872040808504
39.4187772514572
59.96365565907403
38.234016268239465
35.64000561167184
53.74420899036472
37.01958940885218
41.34501179102505
53.893969978096806
69.58476844827466
37.317556190082975
65.62659521870688
43.25320797351336
37.249966442937904
57.32931187446785
143.99058997031716
133.42638419742926
55.27060701674987
44.62107125562989
42.13027415054405
49.196442960848294
53.41572802087415
43.80136984159285
44.927051984300064
135.47767343736015
60.75722179296878
55.22137267399281
38.61618831526488
54.72156795999179
50.6782991032651
64.27783443769711
45.57674845795825
57.92417457331611
39.403045567570025
134.1904989185151
159.26459116828198
138.65788834393808
131.1510579446464
45.00222216735525
43.75168568181116
49.32747712989181
48.86112974543262
53.50850399702836
27.42188906694796
55.298824580636435
47.11995331067296
65.59306365767648
48.221260871113685
56.10249548816879
45.17255804135958
138.62900129482287
48.35452409030618
63.641574461982
42.000119047450326
33.313810949814794
45.61359446480841
45.61359446480841
25.99923075785128
97.9747416429357
32.00312484742701
37.08045307166567
69.0886387186779
42.0523483291956
43.364040402158096
48.72832851637741
30.371861977824146
52.82622454804053
36.55256488948484
66.16804364646124
34.95840385372307
40.213927935480264
100.64834822290925
57.73291955201989
48.66867575761642
32.65026799277458
79.8638842030614
60.03007579538776
54.118388741720686
43.13478874412161
35.24840421919835
41.265481943144685
43.47884543085293
57.401742133841196
53.70251390763751
47.67819207981779
88.26715130783366
41.80478441518387
51.96046574079182
41.52842400091773
37.161942898616054
40.738679409131564
38.76544853345567
35.25351046349853
64.64433463189177
23.40170933927691
50.541567051289576
29.216604867780237
49.95357845039732
31.3776990870905
58.76470028852355
83.32802649769164
66.8667331338985
36.42746216798529
43.111019472983934
48.86471119325274
37.172032497564615
47.839732440723374
33.88450973527579
59.6507334405873
31.74287321588895
30.174326835904726
25.58593363549589
40.18270772359673
44.02090412519942
57.553800917055
24.299176940793696
65.03106949758707
44.90979848540851
56.4885829172586
60.41721608945583
45.93745748297352
22.49088704342272
63.92659853300503
42.34146903450564
31.60458827448951
53.40234077266651
49.72725610769209
51.734804532345535
132.59426835274593
48.63548087559123
34.64909811236073
61.05538469291632
45.467460892378845
69.1552601036248
47.436694657195495
42.07433897282285
47.26996932514342
39.46340076577284
41.88376773882693
48.72873895351695
35.67632268045573
53.87253474638074
23.504042205544135
52.54521862167861
26.84473877690003
138.93095407431707
39.270345045593885
43.529874798809146
47.16990566028302
43.13478874412161
37.10916328886977
56.44501749490384
51.39649793517064
38.16071278160302
42.15222414060734
42.02189905275581
42.02189905275581
44.95731308697174
53.24997652581643
35.656836651615635
59.15581121073398
44.276856256965665
50.26569406662958
36.70817347676128
59.51714038829487
39.684379798605896
46.39827583003489
47.65133786159629
30.5522503262853
53.61193896885282
65.08271659972408
66.62649623085397
32.25585218220098
34.16445521298415
52.24452124385867
74.75720701042809
38.251274488570964
54.46062798022072
66.48165160403282
55.431038236713555
31.42546737918149
49.88596997152606
37.07357549522301
53.20563879890927
50.42469633027055
59.3397000329459
36.49602718105081
58.46032842877296
56.78415271887042
38.96164780909555
40.125303737168146
27.54705065882734
49.38866266664851
57.53616254148342
32.601226970775194
52.005768910766044
63.43508492939849
42.860704613900126
66.45569952983718
42.3461922727416
39.38832314277926
43.23204829753039
58.22447938796877
33.425140239047614
49.836131471052205
75.53012643971941
27.255091267504497
55.89821106260915
42.55537568862482
57.568741518292725
20.67268729507608
49.194410251572286
94.79667715695524
78.45438164946557
53.68659050451984
37.64850594645158
67.6212984199505
51.461053234460714
55.25042986258116
34.53172454425061
29.165219011692677
36.75391135648014
67.35287670174156
52.048150783673385
48.86112974543261
49.124739185058274
65.3367431083001
141.08398208159565
46.22596672866885
70.31280111046637
59.324868310009755
48.48752416859413
84.71953729807547
28.88684821852325
49.379044138176674
49.64634931190812
50.307951657764804
24.11140808828883
36.11703199323001
28.879750691444688
82.42845382512036
45.46218208577322
41.24330248658562
57.59548593422926
57.0544476793878
27.220580449358533
59.38223640113262
57.744696726192956
73.4901353924457
34.389678684163364
44.29492070203987
135.4341537426952
47.17796095636182
100.30832467946018
40.77070026379238
44.16163493350309
44.16163493350309
55.090924842481996
60.13684394778296
44.099886621169446
36.959572508350256
63.715696653179585
49.54240607802572
29.058733626914993
35.696078215960924
51.91155940635958
78.37378388211201
70.27723671289303
73.77594458900543
138.16728990611347
50.24151669685142
39.744685179279
70.60885213625838
45.631568020395704
141.9925702281637
40.472336231060346
66.3196049445411
31.096784399677084
40.87835613133189
64.14896725591146
40.077549825307436
27.75698110385926
46.94901489914352
54.62819784689954
63.41774199701531
46.67343998464223
41.09014480383344
73.30238740996094
83.82272961434744
39.32950546345581
58.18152627767684
49.53342305958675
49.33720705512221
36.88373625325938
38.69483169623561
131.746878520897
40.980971193957814
51.01617390592909
43.707665231627274
40.89498746790369
30.48278202526797
40.52468383590426
52.822817039608935
100.64198924902071
43.5133312905367
58.68355817433022
47.11305551543012
73.65432777508732
136.67512575446932
65.21878563726865
53.59626852682936
60.63299431827526
41.30423707078972
62.59081402250653
45.33034303863142
38.43032656639806
28.37322681684267
25.96555410539124
45.186391756811034
52.24174575949774
139.87051154550053
20.66422028531442
58.124435481129616
71.52265375389814
49.745854098608056
42.59636134695075
25.969405075973533
36.56350639640569
64.73515273790586
39.716495313660296
75.44806160531893
43.551808228821
27.73247194175088
50.42658029254016
34.693515244206665
39.62373026356807
43.33878170876519
72.92331588730725
44.11394337394924
33.088366535687435
64.01593551608849
40.381183736983246
40.311288741492746
41.45419158541148
48.20622366458505
39.53239178192992
70.98485754018247
33.73484845082307
61.12127289250446
63.45242312157985
135.668308753371
66.03483928957502
42.356699588140714
44.91647804536772
39.490378575040275
41.09549853694441
41.09549853694441
65.64114563290315
40.10984916451319
22.018401395196697
34.909024621149186
94.76940434549539
53.95034754290282
51.82045928009516
29.370903969745296
42.14973309524035
47.84234526023991
49.30354956795707
51.338484590022716
60.691103137115576
49.449064702985034
58.48427138983609
46.44609779088013
56.54281563558716
27.46725322998279
47.55249730560951
46.36550441869472
40.348605923873
36.533409367317475
74.9925996348973
30.552250326285296
48.158488348369076
51.48252130577911
58.99525404640614
28.572714256787016
55.04952315869775
38.505713861711484
33.85985823951423
54.70319917518536
25.958428303732106
48.1709456000191
42.820672577623064
72.11934553224953
72.18455513473779
42.81074631444773
58.85949371171995
51.844864740878634
56.99438568841672
32.784295020634495
33.80014792867037
31.727117738615966
62.456464837517025
68.81140893776264
43.40460805029807
28.103558493543126
100.79131907064219
50.192031240028534
32.47229588433808
61.42507631252891
51.64310215314335
37.990656746100086
45.820955904476726
40.39814352170159
54.976449503401
71.36448696655782
142.20552028666114
72.71561042857303
59.0475232334092
20.358045092788256
74.33276531920497
45.59429788910012
52.36258206009326
45.518018410295504
60.6406629251363
49.49757569820971
139.1182590460361
56.22632835247203
35.17683897111848
59.96465625683182
52.28231058398242
58.060744053103555
59.96965899519523
44.34681499273651
53.81635439157877
51.1281722732194
108.93617397357042
65.36826447137786
54.452180856233845
139.28158528678514
36.584832922947726
65.37920158582544
27.463430230034994
50.99813722088289
54.27347418398789
51.0549703750771
88.94177870944566
53.27438408841533
56.22535015453439
46.14108798023731
65.68135199582906
46.47838207166855
50.249477609224954
31.0702429987279
59.77491112498621
50.815843985906604
35.80279318712439
35.80279318712439
61.33261774944879
140.25722797774097
140.91841611372163
63.23638193318779
47.3480728224497
52.12110896748072
139.9226929414954
49.9795958367012
66.5885876107911
50.36824396383102
42.408136011855085
43.611466382133955
59.6426022235784
49.256979200921364
28.601398567202967
32.79878046513315
41.99154676836756
65.59946646124493
41.229115925520404
46.47805933986487
67.22655725232403
28.36917341058777
42.63437580169317
49.43925565782721
45.10532119384585
55.63416216678382
50.85430168628806
45.880278987817846
37.88720100508878
50.11426942498513
49.540387564087546
51.3186126079028
64.73522997564773
66.60247743139891
28.579713084634
42.56865043667698
42.976272523335474
45.81102487393182
34.44648022657758
62.51087905316962
37.234526987730085
32.53060097815594
41.65141054034065
59.135437767890075
41.878514777866705
55.02263170732567
80.31089589837732
38.20418825207519
36.510820313983636
61.98838600899366
42.95823553173478
20.053927296168197
44.116776854162865
35.05652578336878
47.688677901573236
41.07420114865291
59.066403310172866
44.0251064734658
53.61193896885282
27.550136115816198
30.984028143545185
37.80264541007679
33.79778099224858
63.13445968724212
33.62380109386802
65.97302479043992
56.080388729037885
62.72352030937039
42.80292046110873
47.34775601863303
45.985323745734355
51.57024335796759
62.97944108993028
46.49774188065481
41.59867786360523
62.28033397469863
140.6991115821276
43.29491887046331
35.894846426750455
48.66826481394215
35.864327680858594
30.93234553020511
82.15619270633225
51.12934578106784
31.095980447639853
38.28433099846463
54.5656485345863
57.97585704411794
137.12786004309993
29.347742672989348
32.102336363573286
60.61724177162798
61.962569346340054
29.618237624814885
45.37278920234021
48.786883483165845
60.94390863736916
42.14546238920627
59.4145605049806
59.4145605049806
39.17703408886385
28.347133893923033
50.6027667227791
62.4436546015686
52.75263026617725
181.82398081661285
33.03997578691607
51.22196794345176
52.94940981729636
29.87122361069262
28.889617512179004
33.302252176091635
25.586129054626454
39.41839672031322
41.05070035943358
36.12215386712149
38.952406857599954
70.24841635225665
65.47335335844652
34.077705321808274
51.57024335796759
53.97304882994845
57.25067685189408
36.729279873147526
50.53948951067868
32.50292294548292
47.34722800756133
137.66920498063467
40.721615881494685
68.03153680463201
45.78820808898291
43.49068865860829
63.45589019153383
43.227768852902884
50.209162510442255
76.63393504185987
42.58650020839937
36.09653723004466
33.974254958718376
55.62274714539008
56.129225898813175
135.7076269043122
57.571607585684106
41.9885698732405
54.35632437904535
39.744685179279
67.67540173504698
50.80560992646383
53.64335932806595
42.31831754689688
55.53413364769455
54.47026711886036
58.27143382481677
53.90176249437489
35.53603804590489
43.27632147029135
37.4827960536564
47.82980242484805
70.1572519416204
54.55309340449907
38.178527996768025
32.894376419078085
66.07760588883347
53.4475443776419
35.24840421919835
59.4037035882444
30.202814438392984
44.771531133076074
60.031991471214745
43.498965504940465
50.22389869374937
43.71372782090313
48.66867575761642
38.59028375122422
45.3763154079306
69.12018518493711
51.211424506646956
141.66636862713747
15.90628806478746
34.62138067726358
43.250895944477264
27.75698110385926
71.15117708091694
28.824295307951587
50.68816429897615
93.70891099569987
136.83088101740776
42.56336452866479
26.74771018236888
38.37655534307372
50.9179732511026
39.067249711235114
20.25956564193813
58.36985523367348
53.6730845023835
24.004374601309653
45.73499754017704
39.66623249062104
132.70421997811525
132.70421997811525
36.53819918934156
52.05612355909725
65.87419828734161
43.75111427152456
68.48802815091116
71.22639960014826
31.29472799050984
74.60864561161796
60.12561849993728
20.962824237206206
30.010164944565034
47.43890808186883
66.79079277864577
50.30318081394058
37.34287080555002
26.904274753280376
60.649896949623916
35.28469923352047
42.38584669438609
55.033080960455045
33.281225938958436
62.06681883260975
26.93028035502044
56.27619390115149
54.87950437093979
52.46179562310082
53.425555682650604
148.9524756424008
30.050623953588715
36.14194239384486
32.05386092189208
41.58617558756756
65.73005400880179
44.77990620803041
50.613832101511534
33.757369565770375
58.008964824413134
42.53281086408469
34.304664405879265
54.63515351859094
24.30720057925223
41.954856691448725
43.35020184497415
48.50783441878229
45.235937041250736
38.03432660111126
47.940066750057824
35.150533424117484
62.790445132997746
41.32989232988636
55.907155177132736
31.204006153056696
36.45490364820623
57.19125807324053
29.92256673482407
51.31276644267
65.73286849058087
26.835796988351213
57.68674024418437
40.90097798341746
38.39322856963191
36.635501907302974
86.35560201862991
27.681943573383716
40.211441157959015
59.327986650483936
47.02010208410867
43.250895944477264
145.02996242156308
36.362755671153415
35.8286198450345
34.14908490721237
74.20033692645876
137.09854120303396
65.14299655373554
80.32533846800771
30.18012591093682
137.54621041671777
29.973488285483224
56.09322597248263
52.46179562310082
54.48889795178464
47.841509173520016
61.72552146397793
46.94049424537411
28.29134143161119
51.69564778586298
52.46522657913525
44.22318396497475
36.050658801192526
48.44956140152354
49.33649764626589
63.4999212597937
52.280397856175505
44.47977068286212
42.07564616259624
54.7252227039781
37.65381786751511
52.407633031839936
52.407633031839936
47.7913172030234
37.288201887460325
79.79655381029936
58.252553592095865
47.937876465275345
174.990428309665
50.66448460213525
45.8049124003092
45.17300078586766
54.02786318188051
74.75031772507727
46.454386229935274
40.40594015735805
54.51431004791311
39.09987212255304
35.5894647332606
48.60504089083765
32.211178183978305
49.418721148973496
54.96689913029477
55.44402582785633
55.256130881559194
54.85435260760991
33.823216878351474
37.656871882831695
39.668123222557426
49.141021560403075
32.1284920281049
55.01172602273083
52.75120851696196
145.59478012621193
55.93245927008753
79.99056194326928
33.62082687858822
52.56129754867169
49.406072501262436
62.15174977424208
63.069881877168605
47.080887842095756
137.4569387117289
33.66541251789438
45.528013354417304
40.76469060351127
143.25571541826875
39.58332982456125
45.84364732435673
39.676315353117154
34.96298042215509
18.515939079614622
49.00979493937921
36.337446250390244
52.04123365178808
32.47229588433808
27.433556094680835
29.272683512107324
38.45308830250179
44.23222806958746
76.2060365063031
70.49113419430843
72.46902786708264
47.18484926329637
60.5796170341147
71.34115221945886
34.15903979915126
44.873600256721105
48.60617244754003
138.7537747234287
74.73660415084431
43.47459027984048
39.578403201746276
63.2363819331878
57.94169483196017
40.22747817102136
65.32564580622224
40.1777301499226
26.329451190634416
62.403605665057526
33.30225217609164
63.555015537721324
44.21945273293192
45.805676504119006
33.8325287260648
45.009332365632794
37.28820188746033
42.3367452693284
39.17665120961719
39.40253798932247
42.93495079768929
58.591466955521774
40.640004921259546
52.023552358523155
49.48545240775314
66.90298946982863
43.829214001622255
51.43238279527792
125.46856179936071
38.52907992672547
74.21158939141513
73.01650498346248
73.01650498346248
54.695612255463416
43.81654938490707
48.8344140949802
47.16661955239107
34.211840055746784
62.667455668791916
65.34072237127471
41.17632815101415
46.855202485956674
35.467731813579505
49.66850108469149
50.066455836218324
139.63198057751669
50.25097013988884
