-60.0
-60.16
-60.263999999999996
-56.9976
-55.04784
-55.733056
-56.9897504
-51.230775359999996
-49.337697823999996
-48.7239280416
-44.141535237439996
-39.957381713695995
-32.8116435423264
-26.12047918809376
-20.588431269284385
-17.23958814235595
-7.7756293281203535
-2.6080663953083185
7.3727402442225145
10.845466219800263
14.970919597820238
21.703827638038213
25.57344487423439
30.58610038681095
33.27749034812986
36.01974131331687
35.25776718198519
37.43199046378667
39.53879141740801
45.32491227566721
46.38242104810048
51.02417894329044
58.691761048961396
75.14258494406525
84.08832644965872
88.48949380469286
97.67054442422358
106.61348998180122
114.3121409836211
127.350926885259
149.7958341967331
171.9762507770598
185.4786256993538
191.19076312941843
205.7816868164766
213.80351813482892
220.93316632134605
228.72984968921145
237.3768647202903
248.1491782482613
251.74426042343518
257.83983438109163
264.9658509429825
274.21926584868424
279.9573392638158
283.7116053374342
282.7104448036908
286.0894003233217
280.3804602909895
279.7524142618906
284.6871728357015
291.18845555213136
291.79960999691826
292.8796489972264
295.7016840975038
284.49151568775346
280.7523641189781
288.2371277070803
286.0634149363722
288.347073442735
285.4223660984615
290.1701294886154
293.29311653975384
295.92380488577845
294.3514243972006
294.0762819574806
288.1486537617326
289.1037883855593
283.8834095470034
280.42506859230303
283.61256173307277
284.36130555976547
289.2951750037889
293.05565750341003
287.9200917530691
285.9280825777622
280.145274319986
284.2007468879874
282.71067219918865
282.0796049792698
286.5416444813428
289.36748003320855
282.8507320298877
274.8156588268989
257.58409294420903
235.80568364978814
216.30511528480935
230.4046037563284
238.28414338069558
242.70572904262602
242.70572904262602
247.80515613836343
243.2746405245271
246.84717647207438
253.81245882486695
258.74121294238023
269.2470916481422
275.172382483328
278.7751442349952
272.1476298114957
249.43286683034611
247.3995801473115
253.56962213258035
261.9626599193223
265.69639392739003
258.82675453465106
252.06407908118595
259.4276711730674
240.96490405576063
220.17841365018458
230.71057228516614
237.3095150566495
238.7785635509846
242.01070719588614
253.51963647629753
263.13767282866775
268.303905545801
275.6035149912209
284.5931634920988
289.84384714288893
290.4594624286001
291.7835161857401
299.19516456716605
280.7356481104494
279.54208329940445
284.877874969464
285.3200874725176
284.3180787252659
288.2162708527393
268.6146437674654
240.91317939071885
230.281861451647
241.61367530648232
249.5323077758341
249.6890769982507
259.4601692984256
263.3341523685831
252.53073713172478
229.94766341855228
208.31289707669708
214.14160736902738
221.77744663212465
229.1397019689122
239.55573177202098
221.70015859481887
228.000142735337
237.09012846180332
243.151115615623
235.7460040540607
236.81140364865462
237.36026328378915
250.59423695541025
253.49481325986923
259.3953319338823
264.77579874049405
239.80821886644463
237.40739697980018
236.95665728182016
232.79099155363815
210.88189239827435
193.1937031584469
174.16433284260222
156.38789955834199
140.3991096025078
127.88919864225701
123.00027877803132
111.74025090022819
102.06622581020537
97.19960322918483
93.06964290626635
89.95267861563971
83.63741075407574
76.62366967866816
72.72130271080135
71.54917243972122
69.5842551957491
68.66582967617418
66.53924670855676
62.535322037701086
56.45178983393098
59.736610850537886
53.9329497654841
55.96965478893569
51.992689310042124
47.32342037903791
50.55107834113412
44.045970507020705
46.981373456318636
47.03323611068677
52.1399124996181
52.1399124996181
51.92592124965629
48.80332912469066
46.432996212221596
46.85969659099944
43.203726931899496
40.78335423870955
45.2950188148386
51.51551693335474
72.55396524001927
83.88856871601735
78.42971184441562
75.47674065997406
71.50906659397666
70.648159934579
92.4233439411211
114.301009547009
126.0909085923081
115.0418177330773
134.27763595976958
145.71987236379263
159.99788512741335
180.08809661467203
189.00928695320482
202.63835825788433
212.80452243209592
222.66407018888634
236.3376631699977
245.20389685299796
251.97350716769816
256.47615645092833
260.0785408058355
247.83068672525192
226.35761805272674
210.38185624745407
195.89367062270867
176.0543035604378
163.00887320439404
160.65798588395464
152.03218729555917
137.25896856600326
124.21307170940294
117.96176453846265
114.75558808461639
108.32002927615476
104.06802634853928
97.77122371368534
93.36410134231681
87.63769120808513
87.09392208727662
103.68452987854896
126.39607689069408
139.85646920162466
132.8708222814622
138.623740053316
124.89136604798439
113.23222944318596
107.61900649886738
107.33710584898064
124.15339526408258
139.39805573767433
155.6382501639069
171.1944251475162
181.87498263276458
195.41748436948814
209.59573593253933
213.9761623392854
222.71854610535684
228.44669149482115
239.73202234533903
248.29882011080514
246.66893809972464
248.28204428975218
261.18383986077697
265.98545587469926
273.32691028722934
268.3842192585064
265.48579733265575
266.3672175993902
273.7104958394512
251.3994462555061
232.84950162995548
212.92455146695994
199.78209632026395
184.61388668823756
177.4024980194138
164.3922482174724
153.41302339572516
145.37172105615267
137.7745489505374
133.79709405548365
130.5873846499353
129.77864618494178
128.6707815664476
132.78370340980285
122.27533306882256
112.31779976194031
105.30601978574627
94.49541780717165
86.56587602645448
86.56587602645448
91.17928842380903
89.18135958142813
92.29322362328531
98.70390126095678
96.20351113486112
93.773160021375
98.9158440192375
104.52425961731375
104.24183365558237
102.61765029002413
93.24588526102173
82.81129673491955
80.6401670614276
83.32615035528485
90.35353531975638
89.18818178778075
96.32936360900268
107.11642724810243
109.77478452329218
112.79730607096296
135.45757546386665
129.21181791747998
134.950636125732
149.5455725131588
167.53101526184292
181.54791373565865
187.6331223620928
197.3698101258835
210.79282911329514
206.28354620196563
209.2351915817691
222.6116724235922
226.600505181233
228.1604546631097
236.41440919679874
233.42296827711888
218.980671449407
205.7126043044663
200.5013438740197
195.93120948661775
188.86808853795597
172.19127968416038
152.94215171574433
145.41793654416992
142.86614288975295
153.01952860077765
169.15757574069988
187.1518181666299
196.09663634996693
176.23697271497025
164.14327544347324
174.52894789912594
185.77605310921336
202.75844779829202
215.41260301846285
220.27134271661657
227.93420844495492
238.83078760045942
243.84770884041347
252.17293795637215
259.68564416073497
263.79707974466146
260.7173717701953
237.8756345931758
224.11807113385822
206.7762640204724
189.3986376184252
182.1087738565827
171.3178964709244
156.37610682383198
144.0784961414488
136.51064652730392
137.27958187457352
129.6616236871162
121.31546131840457
