2489
4985
7985
11071
13218
16820
20121
22822
25676
28433
30647
32744
36416
38812
41428
43907
45841
48646
50796
53782
55510
57184
59467
60925
63192
66110
68734
70893
72866
75374
77436
79334
81225
81921
82915
83606
84504
85524
86377
86800
87124
87438
87848
88421
88752
89248
89645
90008
90350
90677
91109
91490
91825
92146
92480
92821
93184
93600
94174
94654
94989
95314
95665
96088
96433
97132
97589
97911
98412
98757
99288
99621
99961
100301
100772
101199
101766
102125
102664
103197
103562
103925
104258
104672
105283
105722
106310
106719
107201
107669
108083
108498
109158
109815
110572
111434
112549
112870
113293
113729
113729
114155
114713
115170
115511
115937
116255
116610
116956
117515
118412
119013
119358
119689
120181
120729
121363
121700
122715
123806
124143
124558
124958
125398
125719
126044
126386
126715
127032
127363
127791
128241
128558
129516
130107
130440
130944
131331
131738
132645
133925
134672
135040
135457
135986
136312
136817
137550
138686
139762
140203
140651
141076
141409
142356
142751
143100
143457
144261
144871
145338
145653
146013
146356
146813
147906
148561
149106
149690
150793
151976
153204
154484
155764
156870
157504
158550
159639
160502
161222
162173
163314
164504
165515
166271
167076
167901
168800
169901
170829
171627
172509
173112
174031
175224
175933
176843
177520
178446
179175
179175
180004
181148
182259
183056
183913
184931
185762
186433
186874
187369
188126
189008
189970
190753
191113
191457
191897
193062
193408
193809
194164
194483
194848
195185
195572
195916
196236
196576
196997
197353
197710
198489
199472
200418
201108
202069
202806
203341
203989
205244
206367
207134
207723
208407
209003
209606
210227
211049
211915
212331
212665
213220
213997
214541
215746
216994
217814
218508
218959
219433
219831
220175
220597
220968
221308
221690
222052
222486
222815
223163
223641
224103
224414
224800
225130
225610
226062
226475
226805
227621
228382
229317
230076
230820
231456
232547
233287
233851
234581
235134
235729
236192
236705
237243
238133
238860
239779
241059
242196
242196
242719
243313
243918
244485
245144
245721
246281
246825
247467
248310
249539
250750
251697
252333
252837
253458
253906
254398
255007
255555
255885
256642
257226
257660
258008
258430
258850
259283
259617
260334
260782
261110
261556
262021
262378
262793
263451
263952
264494
264956
265785
266521
267792
268407
268962
269360
269722
270047
270490
271770
272675
273119
273475
273797
274132
274570
274921
275252
275686
276027
276420
276792
277320
278308
279087
279971
281101
281681
282485
283546
284377
285202
285656
286398
287193
