41.60288451537946
41.785643467583455
46.90586317295526
41.323601004752724
37.20819802140383
18.9602215176933
26.668520768876554
46.372836876775175
27.011293934204634
41.03851849177794
42.257425383002214
52.19396516839854
25.25173261382276
53.20422915520908
43.73739818507726
43.60607755806522
53.56155337553234
73.80440366265417
58.41540892607018
33.143475979444275
75.2880468600428
50.10798339586218
19.820191724602463
44.303611590930146
39.238374074367556
19.068560512005096
86.8472221777991
37.82856063875548
63.4448579476698
81.76576300628521
28.476130355088628
66.88766702464663
123.54112675542505
137.27111859382512
145.87816834605513
95.74909921247301
133.9224029055632
114.85247058727121
127.78043668731142
107.57606611138
81.85939164201014
38.709688709675774
99.7276290703835
166.8431598837663
83.22553694630032
134.75533384619698
122.9629619031682
102.72920714188346
94.07847787884327
58.26740083442885
151.9706879631727
104.0279289421836
55.12431405468915
51.01225342993583
96.3018172206527
90.61042986323373
93.16979124158216
134.4672822659847
184.1216988841891
143.498745639117
51.90847714969107
56.90527216348236
101.06240646254174
157.8855281525194
106.58278472623991
206.8981391893122
152.3085355454513
36.07270436216281
136.21398606604242
96.07960241383184
164.47397970499773
78.25784305742141
93.78080827120228
101.47038976962689
163.2071076883602
132.7397453666384
150.02719753431376
98.82110098556888
182.41351375377866
162.21778570797963
100.16790903278354
103.33677951242724
59.97174334634604
113.95828184032963
171.2127623747716
137.62412579195555
155.0996131523222
119.92751977757231
139.76984653350664
136.80438589460502
114.42906099413732
143.24859510654895
165.3183595369855
191.52506363397976
102.24113653515398
28.077749197540747
132.72362261481564
44.474824339169686
122.9819498950964
110.58593943173788
110.58593943173788
147.64013681922677
175.73801523859316
147.00068027053482
78.54075375243097
120.48190735541995
35.801675938425
99.61450697564085
107.91088916323505
132.87832780404787
24.78709341572747
196.39574842648707
90.56870320370057
65.53205322588329
157.3880872239065
145.15164484083533
149.22586907101598
57.06496298079934
144.4823864697701
72.88134191958872
78.95853342103057
129.12013785618416
120.04582458378134
156.13932880603784
49.64765855506179
52.289673932813926
81.18349585968814
56.949187878318334
28.464890654980568
28.797395715585115
147.40624138753418
174.39440931406028
41.92004293890931
159.57017265140752
169.49088471065338
74.27173082674189
152.20712861098195
95.36566468074346
97.66273598461186
113.04052370720865
9.991996797437437
216.82029425309798
99.61746834767486
118.13196011240989
179.7105728664844
71.34451625738309
161.23138652259988
185.17075903068496
56.586305763850675
28.036404905051576
144.03346833288435
167.73684747246205
139.46913637073973
67.29048966978915
110.19709615048846
116.43543275137513
109.40425037447127
117.77695020673612
178.5807660415869
170.0554027368728
128.42745033675627
64.26826588604986
84.21425057554094
75.13887143150342
145.20316800951693
28.560287113402765
175.65579979038554
173.01355438230843
153.59104791621158
28.20655952079232
115.34470078854945
18.76406139405859
0.8
2.29128784747792
27.777868888739466
55.29014378711634
59.582212110662695
35.31855036662745
56.08778833222076
47.79424651566337
58.13510127281108
31.240358512667555
25.09282766050889
70.75478782386391
13.107249902248755
18.349114420047634
32.81828758482075
41.019995124329306
31.960131413997658
56.52972669313023
132.97221514286358
54.76504359534465
71.78028977372549
45.6745005446146
19.900000000000002
121.03239235840957
64.40225151343701
103.58783712386315
26.284025566872362
80.95609921432727
80.95609921432727
40.12978943378597
29.671703692238506
37.404411504527104
66.211856944206
83.03017523768091
29.939939879699157
83.20390615830485
108.02430282117075
141.48459280077105
138.77568230781642
20.435508312738392
122.88323726204482
41.23542166632954
51.340919352890445
91.67791446144486
67.08323188398127
130.9097398973812
27.77840888171963
60.875610879891795
131.44356203329244
102.12174107407296
48.51072046465606
112.17401659921072
92.50410801688754
93.0656220094187
84.04070442351134
87.91382143895237
101.61102302407943
119.91200940689802
103.48526465154352
105.06307629229215
155.59254480854793
29.941442851005025
88.0865483487689
39.71712477005354
92.64583099093018
89.76881418399154
133.23531814049906
78.58015016529302
19.5143536915779
30.570574086856794
101.29072020673958
105.25535615824973
78.7796928148365
58.83842282046656
14.20176045425355
53.137651434740704
26.334198298030643
101.27961295344686
131.85598204101322
33.79881654732899
153.2246716426568
61.707373951578916
161.20992525275855
19.20442657305862
24.43378808126157
108.47714044903653
129.5243606430852
158.79625310441048
143.73948657206202
144.98951686242697
93.7035751719218
130.06306162781192
106.92899513228393
107.43072186297549
127.75773949158618
113.92471198120275
131.53706701914862
93.91064902342012
100.4392353614861
143.29131166961938
157.28623588858625
45.85422554138277
105.64544476691837
49.725647305992915
150.98771473202711
152.97398471635626
130.68515600480416
83.57128693516692
42.60093895678827
64.16299556598024
31.353468707624682
71.88636866611083
27.009072549793338
108.33489742460645
94.13187557889198
51.383265758415945
68.82877305313527
116.79743147860744
89.07524908749905
93.47839322538658
99.57233551544324
117.37976827375321
119.08215651389591
41.552496916551235
47.89582445265975
86.96298062969093
0.7483314773547882
37.687663764154976
37.687663764154976
141.33368317566763
62.6686524508067
137.13865246530608
157.44853127292106
86.65454402395757
93.07034973610017
119.03932123462397
132.9819536628937
133.59869011333907
103.52294431670691
23.91840295671933
37.01202507294082
82.97764759258966
107.79540806546446
162.58610026690474
112.37619854755721
137.98492671302907
145.66660564453338
142.54266028105408
114.47794547422662
101.63188476063995
97.62684057163789
150.33509237699627
135.41820409383666
105.49142145217307
120.75433739621944
130.4148764520367
127.56645327044254
70.55522659590854
173.9178254233878
152.04328331103616
45.70557952810576
123.75318177727796
160.7879348707483
99.2159765360398
105.10875320352726
126.29489300838732
84.50331354449953
142.32512076228846
124.87497747747545
129.57472747414906
48.42612931052821
17.510282693320516
91.59153891053475
97.50533318747237
139.12095456831798
121.1851476048117
62.322467858710475
142.51961268541254
1.4317821063276353
66.27827698424272
127.47941010218082
91.74529960711884
55.400722016955704
65.68416856442654
135.71882699168896
72.69312209556004
59.23419620455738
128.30042868205857
94.88356021988213
111.39124741199373
90.23502645868732
123.72954376380768
39.67883566840136
100.99806928847698
62.74081606099813
72.19002701204647
121.84190576316509
119.01411680972976
34.20365477547685
80.17131656646285
105.15436272452038
89.02898404452338
115.88999093968383
87.50062856917087
