-5  -5  -5  -5  -5  -5  -5  -5  -5  -5
-5  -5  -5  -5  -5  -5  -5  -5  -5  -5
-5  -5  -5  -5  -5  -5  -5  -5  -5  -5
-5  -5  -5  -5  -5  -5  -5  -5  -5  -5
-5  -5  -5  -5  -5  -5  -5  -5  -5  -5
-5  -5  -5  -5  -5  -5  -5  -5  -5  -5
-5  -5  -5  -5  -5  -5  -5  -5  -5  -5
-5  -5  -5  -5  -5  -5  -5  -5  -5  -5
-5  -5  -5  -5  -5  -5  -5  -5  -5  -5
-5  -5  -5  -5  -5  -5  -5  -5  -5  -5
-5  -5  -5  -5  -5  -5  -5  -5  -5  -5
-5  -5  -5  -5  -5  -5  -5  -5  -5  -5
-5  -5  -5  -5  -5  -5  -5  -5  -5  -5
-5  -5  -5  -5  -5  -5  -5  -5  -5  -5
-5  -5  -5  -5  -5  -5  -5  -5  -5  -5
-5  -5  -5  -5  -5  -5  -5  -5  -5  -5
-5  -5  -5  -5  -5  -5  -5  -5  -5  -5
-5  -5  -5  -5  -5  -5  -5  -5  -5  -5
-5  -5  -5  -5  -5  -5  -5  -5  -5  -5
-5  -5  -5  -5  -5  -5  -5  -5  -5  -5
-5  -5  -5  -5  -5  -5  -5  -5  -5  -5
-5  -5  -5  -5  -5  -5  -5  -5  -5  -5
-5  -5  -5  -5  -5  -5  -5  -5  -5  -5
-5  -5  -5  -5  -5  -5  -5  -5  -5  -5
-5  -5  -5  -5  -5  -5  -5  -5  -5  -5
-5  -5  -5  -5  -5  -5  -5  -5  -5  -5
-5  -5  -5  -5  -5  -5  -5  -5  -5  -5
-5  -5  -5  -5  -5  -5  -5  -5  -5  -5
-5  -5  -5  -5  -5  -5  -5  -5  -5  -5
-5  -5  -5  -5  -5  -5  -5  -5  -5  -5
-5  -5  -5  -5  -5  -5  -5  -5  -5  -5
-5  -5  -5  -5  -5  -5  -5  -5  -5  -5
-5  -5  -5  -5  -5  -5  -5  -5  -5  -5
-5  300  -5  -5  -5  -5  -5  -5  -5  -5
-5  -5  -5  -5  -5  -5  -5  58  -5  57
-5  -5  -5  -5  -5  -5  -5  56  58  -5
-5  -5  -5  -5  -5  -5  -5  -5  -5  -5
-5  -5  -5  -5  -5  -5  -5  -5  -5  -5
-5  -5  -5  -5  -5  -5  -5  -5  -5  -5
-5  -5  -5  -5  -5  -5  -5  -5  -5  -5
-5  -5  -5  -5  -5  -5  -5  -5  -5  -5
-5  -5  -5  -5  -5  -5  -5  -5  -5  -5
-5  -5  -5  -5  -5  -5  -5  -5  -5  -5
-5  -5  -5  -5  -5  -5  -5  -5  -5  -5
-5  -5  -5  -5  -5  -5  -5  -5  -5  -5
-5  -5  -5  -5  -5  -5  -5  -5  -5  -5
-5  -5  -5  -5  -5  -5  -5  -5  -5  -5
-5  -5  -5  -5  -5  -5  -5  -5  -5  -5
-5  -5  -5  -5  -5  -5  -5  -5  -5  -5
-5  -5  -5  -5  -5  -5  -5  -5  -5  -5
-5  -5  -5  -5  -5  -5  -5  -5  -5  -5
-5  -5  -5  -5  -5  -5  -5  -5  -5  -5
-5  -5  -5  -5  -5  -5  -5  -5  -5  -5
-5  -5  -5  -5  -5  -5  -5  -5  -5  -5
-5  -5  -5  -5  -5  -5  -5  -5  -5  -5
-5  -5  58  279  -5  -5  -5  -5  -5  -5
-5  -5  -5  -5  -5  -5  -5  -5  -5  -5
-5  -5  -5  -5  -5  -5  -5  -5  -5  -5
-5  -5  -5  -5  -5  -5  -5  -5  -5  -5
-5  -5  -5  -5  -5  -5  -5  -5  -5  -5
-5  -5  -5  -5  -5  -5  -5  -5  -5  -5
-5  -5  -5  -5  -5  -5  -5  -5  -5  -5
-5  -5  -5  -5  -5  -5  -5  -5  -5  -5
-5  -5  -5  -5  -5  -5  -5  -5  -5  -5
-5  -5  -5  -5  -5  -5  -5  -5  -5  -5
-5  -5  -5  -5  -5  -5  -5  -5  -5  -5
-5  -5  -5  -5  -5  -5  -5  -5  -5  -5
-5  -5  -5  -5  -5  -5  -5  -5  -5  -5
-5  -5  -5  -5  -5  -5  -5  -5  -5  -5
-5  -5  -5  -5  -5  -5  -5  -5  -5  -5
-5  -5  -5  -5  -5  -5  -5  -5  -5  -5
59  -5  100  -5  -5  -5  -5  -5  -5  -5
-5  -5  -5  -5  -5  -5  -5  -5  -5  -5
-5  -5  -5  -5  -5  -5  -5  -5  420  458
-5  -5  -5  -5  -5  -5  -5  -5  59  216
-5  -5  -5  -5  -5  -5  -5  -5  -5  -5
-5  -5  -5  -5  -5  -5  -5  -5  -5  -5
-5  -5  -5  -5  -5  136  56  59  -5  -5
-5  -5  -5  -5  -5  -5  -5  -5  -5  -5
-5  -5  -5  -5  -5  -5  -5  -5  300  460
119  60  -5  58  -5  -5  -5  -5  -5  -5
-5  -5  -5  -5  -5  -5  -5  -5  -5  -5
-5  -5  -5  -5  -5  -5  380  -5  380  -5
439  479  500  479  279  479  420  -5  -5  -5
-5  -5  -5  -5  -5  -5  -5  -5  500  -5
-5  479  416  359  479  -5  -5  340  439  479
-5  -5  -5  -5  -5  -5  -5  -5  -5  59
-5  59  319  57  59  -5  -5  -5  -5  -5
-5  -5  -5  -5  -5  -5  -5  -5  -5  -5
-5  -5  -5  -5  -5  -5  -5  -5  -5  -5
-5  -5  -5  -5  -5  -5  -5  -5  -5  -5
-5  -5  -5  -5  -5  -5  -5  -5  -5  -5
-5  -5  -5  -5  -5  -5  -5  -5  -5  -5
-5  -5  -5  -5  -5  -5  -5  -5  -5  -5
-5  -5  -5  -5  -5  -5  -5  -5  -5  -5
-5  -5  -5  -5  -5  -5  -5  -5  -5  -5
-5  -5  -5  -5  -5  -5  -5  -5  -5  -5
-5  -5  -5  -5  -5  -5  -5  -5  -5  -5
-5  -5  -5  -5  -5  -5  -5  -5  -5  -5
-5  -5  -5  -5  -5  -5  -5  -5  -5  -5
-5  -5  -5  -5  -5  -5  -5  -5  -5  -5
-5  -5  -5  -5  -5  -5  -5  -5  -5  -5
-5  -5  -5  -5  -5  -5  -5  -5  -5  -5
-5  -5  -5  -5  -5  -5  -5  -5  -5  -5
-5  -5  -5  -5  -5  -5  -5  -5  -5  -5
-5  -5  -5  -5  -5  -5  -5  -5  -5  -5
-5  -5  -5  -5  -5  -5  -5  -5  -5  -5
-5  -5  -5  -5  -5  -5  -5  -5  -5  -5
-5  -5  -5  -5  -5  -5  -5  -5  -5  -5
-5  -5  -5  -5  -5  -5  -5  -5  -5  -5
-5  -5  -5  -5  -5  -5  -5  -5  -5  -5
-5  -5  -5  -5  -5  -5  -5  -5  -5  -5
-5  -5  -5  -5  -5  -5  -5  -5  -5  -5
-5  -5  -5  -5  -5  -5  -5  -5  -5  -5
-5  -5  -5  -5  -5  -5  -5  -5  -5  -5
-5  -5  -5  -5  -5  -5  -5  -5  -5  -5
-5  -5  -5  -5  -5  -5  -5  -5  -5  -5
-5  -5  -5  -5  -5  -5  -5  -5  -5  -5
-5  -5  -5  -5  -5  -5  -5  -5  -5  -5
-5  -5  -5  -5  -5  -5  -5  -5  -5  -5
-5  -5  -5  -5  -5  -5  -5  -5  -5  -5
-5  -5  -5  -5  -5  -5  -5  -5  -5  -5
-5  -5  -5  -5  -5  -5  -5  -5  -5  -5
-5  -5  -5  -5  -5  -5  -5  -5  -5  -5
-5  -5  -5  -5  -5  -5  -5  -5  -5  -5
-5  57  -5  -5  -5  -5  -5  -5  -5  -5
-5  -5  -5  -5  -5  -5  -5  -5  298  -5
-5  -5  -5  -5  -5  -5  -5  -5  -5  -5
-5  -5  -5  -5  -5  -5  -5  -5  -5  -5
-5  -5  -5  -5  -5  -5  -5  -5  -5  -5
-5  -5  -5  -5  -5  -5  -5  -5  -5  -5
-5  -5  -5  -5  -5  -5  -5  -5  -5  -5
-5  -5  -5  -5  -5  -5  -5  -5  -5  -5
-5  -5  -5  -5  -5  -5  -5  -5  -5  -5
-5  -5  -5  -5  -5  -5  -5  -5  -5  -5
58  -5  -5  -5  -5  -5  -5  -5  -5  -5
-5  -5  -5  -5  -5  -5  -5  -5  -5  -5
-5  -5  -5  -5  -5  -5  -5  -5  -5  -5
-5  -5  -5  -5  -5  -5  -5  -5  -5  -5
-5  -5  -5  -5  -5  -5  -5  -5  -5  -5
-5  -5  -5  -5  -5  -5  -5  -5  -5  -5
-5  -5  -5  -5  -5  -5  -5  -5  -5  -5
-5  -5  -5  -5  -5  -5  -5  -5  -5  -5
-5  -5  -5  -5  -5  -5  -5  -5  -5  -5
-5  -5  -5  -5  -5  -5  -5  -5  -5  -5
-5  -5  -5  -5  -5  -5  -5  -5  -5  -5
-5  -5  -5  -5  -5  -5  -5  -5  -5  -5
-5  -5  -5  -5  -5  -5  -5  -5  -5  -5
-5  -5  -5  -5  -5  -5  -5  -5  -5  -5
-5  -5  -5  -5  -5  -5  -5  -5  -5  -5
-5  -5  -5  -5  -5  -5  -5  -5  -5  -5
-5  -5  -5  -5  -5  -5  -5  -5  -5  -5
-5  -5  -5  -5  -5  -5  -5  -5  -5  -5
-5  -5  -5  -5  -5  -5  -5  -5  -5  -5
-5  -5  -5  -5  -5  -5  -5  -5  -5  -5
-5  -5  -5  -5  -5  -5  -5  -5  -5  -5
-5  -5  -5  -5  -5  -5  -5  -5  -5  59
340  300  -5  -5  180  -5  -5  59  59  -5
-5  -5  -5  -5  -5  -5  -5  -5  -5  -5
-5  -5  277  59  58  60  159  359  300  -5
380  380  380  60  218  399  359  420  378  420
420  420  -5  359  378  340  340  319  -5  378
380  -5  359  380  237  378  380  399  340  420
359  420  197  338  420  380  380  340  319  -5
239  420  359  340  380  399  399  420  420  340
-5  380  338  420  399  -5  380  380  359  378
399  300  420  380  338  420  420  300  420  319
399  -5  420  420  420  -5  399  420  420  319
340  380  338  420  298  420  420  380  420  420
319  -5  239  -5  380  380  420  399  -5  380
319  399  340  359  420  420  380  420  378  399
420  359  340  420  340  -5  258  359  420  420
260  378  340  319  420  340  300  300  340  380
420  340  359  420  239  -5  340  338  420  218
420  319  378  340  359  359  399  380  260  319
319  218  319  180  359  380  420  380  359  380
340  420  399  380  420  319  340  399  239  420
319  420  340  380  420  359  -5  338  380  -5
380  -5  218  340  -5  380  420  380  319  378
399  378  338  340  399  338  399  420  399  378
380  420  380  340  399  317  359  136  420  399
420  239  420  300  -5  380  340  338  -5  420
319  359  399  380  359  277  300  317  420  420
399  380  279  420  378  380  420  338  277  420
399  399  380  220  359  359  399  239  420  338
399  380  420  420  359  359  420  258  300  260
380  359  300  319  380  359  -5  359  340  420
340  298  420  317  338  300  319  319  340  380
380  378  359  380  380  277  279  300  -5  399
420  340  399  298  340  380  420  319  420  -5
420  338  380  279  260  380  380  420  420  279
-5  420  380  340  380  340  -5  300  -5  319
399  420  -5  380  380  399  340  378  279  340
359  399  298  319  258  399  300  -5  399  359
399  380  239  340  237  298  380  -5  380  359
340  298  380  340  380  378  216  -5  399  319
380  420  399  378  420  340  300  420  -5  359
380  340  399  359  378  420  420  420  399  340
420  279  399  338  300  -5  319  340  378  340
380  399  380  298  420  340  420  359  420  338
-5  319  340  -5  359  380  380  180  420  359
399  420  300  340  420  420  420  -5  239  380
420  420  239  420  359  399  -5  220  338  298
-5  420  399  380  420  319  420  300  380  420
239  340  -5  380  420  420  279  399  380  399
359  378  338  359  380  319  279  399  359  420
380  319  317  340  300  220  338  380  380  258
319  319  399  380  399  -5  317  218  319  399
380  359  380  338  399  399  279  359  359  359
319  380  300  420  317  380  378  359  338  420
340  380  300  260  239  239  220  340  319  380
359  380  -5  380  319  340  300  359  380  319
420  340  399  420  380  420  319  359  -5  300
178  399  359  340  399  340  -5  359  300  380
319  336  -5  220  380  380  420  399  420  399
218  420  340  258  380  -5  359  380  340  258
319  420  380  157  340  279  380  420  359  399
-5  340  380  260  420  -5  359  378  359  298
420  380  300  340  -5  258  260  279  380  420
420  340  380  340  340  380  420  420  359  380
340  420  338  380  380  399  359  420  380  359
300  340  420  300  319  359  300  218  380  338
277  319  260  319  -5  279  380  420  -5  380
378  380  420  420  399  420  340  359  420  338
380  380  319  420  340  279  380  -5  319  380
-5  399  340  380  319  359  420  239  357  319
420  380  380  338  399  338  298  380  298  380
359  277  300  319  319  340  359  399  239  -5
359  380  420  279  -5  220  359  399  420  -5
420  279  380  298  380  399  420  298  380  380
380  319  420  380  380  239  399  260  380  399
380  -5  420  340  380  399  277  260  378  420
340  399  340  359  380  239  319  380  -5  -5
380  380  317  399  380  380  359  399  380  319
420  420  420  380  -5  317  399  380  420  338
399  420  420  340  420  420  359  420  260  399
359  399  258  279  239  319  420  319  380  420
378  359  338  -5  260  380  359  359  420  279
340  340  399  420  399  216  380  420  319  420
340  380  258  340  300  216  380  359  380  359
380  399  380  298  420  380  380  340  380  380
399  359  359  380  399  319  399  319  319  420
399  380  340  399  380  399  279  279  239  338
420  -5  380  279  260  338  359  298  420  340
378  338  319  380  380  300  340  319  300  420
380  340  420  340  279  420  340  420  399  239
-5  380  340  260  359  420  340  399  359  -5
319  340  380  340  338  -5  420  319  380  359
-5  340  359  300  420  338  420  340  380  359
380  378  399  420  380  420  -5  -5  380  380
340  338  420  277  -5  319  380  380  399  340
300  380  359  378  420  420  380  420  340  -5
-5  159  239  359  -5  298  -5  300  380  199
340  380  359  359  420  340  319  420  340  420
279  338  340  380  338  420  380  317  420  399
380  420  378  380  380  380  340  319  359  380
420  298  380  -5  420  298  296  340  378  399
-5  399  380  380  239  359  380  420  399  378
359  380  359  399  340  420  380  420  378  420
256  420  420  359  380  -5  340  420  340  399
380  338  420  359  319  399  399  237  300  399
340  300  300  340  -5  380  340  399  399  420
300  359  340  380  420  380  340  340  380  380
340  420  197  380  336  380  380  378  300  220
420  420  340  359  399  300  420  380  340  420
340  258  380  380  340  319  380  380  340  216
359  359  260  298  380  399  -5  380  258  279
239  420  359  420  239  380  380  359  359  380
399  319  420  399  359  359  380  380  300  380
359  420  340  340  378  399  359  239  -5  277
380  420  359  420  380  380  300  300  340  380
420  420  420  277  338  420  380  420  380  359
378  399  420  359  340  380  420  298  380  380
378  380  399  300  380  420  380  359  380  340
420  380  260  260  420  380  420  399  340  340
420  380  279  420  420  378  380  380  380  340
340  380  380  359  399  399  380  180  420  319
279  380  380  -5  359  420  -5  340  319  380
420  239  420  420  380  380  300  420  359  380
399  420  380  359  420  279  298  380  279  380
378  -5  380  338  420  338  340  319  359  420
260  357  380  300  380  420  300  340  420  359
378  340  420  258  298  298  420  380  380  260
420  300  340  -5  380  380  260  -5  380  420
380  340  380  420  -5  300  260  399  380  319
420  319  279  380  420  420  359  380  399  340
359  359  420  -5  -5  420  420  420  420  380
-5  359  420  338  300  380  420  300  380  420
178  359  380  300  380  420  420  338  380  380
359  359  399  420  359  359  380  -5  359  298
399  -5  420  359  98  380  420  319  380  380
380  359  380  279  -5  319  380  399  340  380
420  340  420  399  380  420  300  300  -5  338
220  340  420  338  399  380  420  380  319  359
380  359  359  359  380  359  359  319  319  239
319  399  57  399  420  420  319  237  -5  340
380  380  340  319  279  279  399  359  380  380
420  359  380  300  380  399  420  319  399  338
380  279  258  420  399  319  420  199  380  380
380  380  340  380  380  380  340  378  300  340
420  359  380  340  319  380  380  380  340  420
279  420  319  378  359  420  298  420  420  -5
-5  298  -5  258  380  378  359  359  420  178
239  279  298  -5  338  -5  380  340  340  -5
380  338  -5  359  340  359  420  359  279  319
420  317  239  340  -5  338  138  199  -5  380
258  319  420  359  340  420  380  380  420  319
300  420  359  420  380  319  319  399  237  359
279  399  340  357  359  258  359  359  -5  380
338  380  420  279  420  338  197  59  340  359
359  420  340  380  399  199  378  359  359  380
380  420  359  298  239  279  239  380  359  300
279  319  420  340  420  359  420  380  359  399
380  380  338  340  420  380  319  378  380  357
378  380  359  380  340  380  359  319  279  277
399  359  399  340  399  319  59  380  378  340
399  359  420  338  359  380  420  279  380  319
420  359  420  420  420  420  319  359  399  59
399  380  -5  378  380  338  300  338  319  340
380  380  380  380  380  359  380  340  180  420
420  239  319  380  340  340  420  420  340  340
-5  -5  336  279  359  340  380  399  380  319
357  380  359  319  399  399  420  300  218  319
399  420  380  279  399  380  420  340  380  340
317  239  279  340  380  399  359  420  300  260
-5  260  260  420  380  338  380  420  -5  300
340  420  380  317  -5  338  -5  380  258  420
340  338  420  380  357  378  399  380  380  399
420  319  300  340  420  420  300  178  399  338
98  340  399  319  -5  260  340  420  218  380
380  420  340  298  420  420  298  399  319  380
300  420  399  380  399  380  319  399  300  420
420  359  319  359  -5  -5  300  340  399  380
380  340  340  380  317  420  380  399  380  300
420  300  -5  319  380  399  420  378  258  199
420  300  -5  319  380  380  380  359  420  399
380  380  420  420  380  380  380  380  420  380
359  300  340  -5  338  399  380  359  359  380
340  380  260  359  359  317  -5  420  319  380
380  380  380  319  340  -5  399  399  -5  279
300  380  399  420  319  359  380  340  338  298
380  420  420  420  399  399  340  340  359  380
420  420  220  319  420  359  319  359  340  378
260  319  420  420  380  399  300  359  218  319
420  399  340  380  380  420  319  420  258  359
399  300  378  359  218  300  399  279  359  279
420  420  340  380  378  300  420  380  340  258
420  420  359  220  300  420  338  380  420  319
199  420  420  340  338  399  -5  340  420  399
319  420  340  380  -5  319  340  298  -5  399
340  340  380  300  420  420  298  380  380  399
378  340  380  340  340  359  279  380  380  357
380  378  420  -5  378  340  380  378  399  420
380  359  359  380  380  380  -5  -5  420  359
380  319  300  -5  197  279  399  340  338  420
359  380  378  340  399  298  420  378  279  420
359  380  359  420  420  399  399  359  359  340
420  380  216  399  359  199  359  399  258  260
300  340  420  420  340  220  340  420  399  216
420  380  380  380  319  218  380  340  340  399
258  300  420  420  340  277  380  420  399  380
420  298  319  378  378  399  340  380  380  399
380  359  420  380  420  298  380  399  300  340
300  380  338  380  199  319  317  420  317  420
340  340  300  237  298  420  380  399  420  420
380  399  338  399  298  319  420  380  380  340
380  359  420  359  380  380  378  300  380  380
340  338  340  399  380  277  260  340  380  420
420  298  359  380  420  420  359  420  300  -5
420  359  317  420  380  420  399  258  399  420
300  378  338  340  338  420  319  420  359  420
340  420  319  380  359  277  420  300  420  420
378  340  378  380  420  340  260  319  380  378
380  298  420  380  399  380  220  300  420  359
319  420  298  359  220  399  317  380  420  157
420  399  378  359  279  319  319  279  199  378
359  399  399  380  300  420  -5  420  380  298
300  340  380  420  279  359  420  420  380  258
157  258  380  359  359  220  338  279  340  420
420  380  239  260  98  359  420  380  319  420
-5  340  420  340  57  420  420  380  340  380
380  359  420  380  340  300  380  359  359  300
399  380  319  420  399  340  420  260  300  420
399  319  420  298  380  399  340  420  338  380
340  340  420  258  420  399  340  378  279  359
420  380  399  399  380  399  420  399  399  300
300  380  420  260  340  -5  380  279  300  399
399  298  -5  239  -5  378  399  277  -5  -5
380  298  340  359  380  338  340  380  380  380
-5  359  378  420  420  420  -5  380  359  317
420  300  380  399  -5  260  420  420  420  399
378  -5  380  340  420  399  359  380  300  378
-5  420  300  380  380  340  340  199  199  380
260  300  420  338  359  380  199  338  260  380
279  279  399  340  359  420  319  340  -5  300
298  420  399  380  258  319  420  279  359  399
260  298  298  340  380  340  380  359  260  340
-5  300  319  420  399  380  380  420  338  359
380  399  338  340  380  359  180  380  420  279
359  380  380  340  380  380  420  420  359  420
399  359  260  119  359  340  279  319  279  300
420  -5  380  380  380  420  359  399  378  420
378  380  399  380  279  319  300  -5  380  420
178  359  260  380  340  300  399  298  -5  279
359  -5  300  359  420  420  340  399  380  380
359  338  237  -5  340  380  420  -5  420  399
-5  359  239  279  319  300  420  380  319  420
-5  380  340  420  -5  338  420  340  380  420
319  319  -5  340  420  300  -5  279  340  380
239  420  359  399  239  319  399  -5  420  319
420  380  -5  340  399  420  298  300  359  359
340  380  340  420  359  380  399  340  -5  338
380  -5  298  319  380  399  359  359  420  300
359  399  359  359  420  340  340  357  298  380
340  359  -5  319  340  420  380  420  359  420
380  420  420  -5  300  380  420  319  277  399
340  319  380  380  319  420  340  420  338  399
260  359  380  380  380  420  -5  420  420  340
380  340  420  319  260  279  380  340  340  399
340  420  340  420  380  340  380  378  -5  380
420  300  277  380  420  -5  420  300  340  -5
420  300  298  420  300  380  338  359  359  98
300  420  220  -5  340  399  380  340  -5  399
319  420  279  378  338  300  420  359  359  399
380  359  -5  340  380  399  319  340  138  420
380  279  420  420  380  399  298  420  359  399
338  -5  420  420  399  359  359  420  338  380
420  399  420  359  420  338  378  300  338  -5
-5  340  319  239  380  359  220  277  340  -5
317  279  380  399  359  378  399  420  378  380
260  340  -5  420  300  380  399  319  380  378
300  340  380  420  380  380  -5  399  399  -5
380  239  380  380  420  420  399  340  319  380
399  340  260  399  380  399  357  420  399  359
420  340  380  420  399  420  -5  420  420  380
258  420  340  399  420  380  420  380  260  298
420  319  420  420  319  340  380  378  420  399
279  359  300  340  420  399  420  300  340  340
340  380  380  380  380  279  359  399  399  317
359  420  300  420  319  300  218  420  319  378
420  420  380  239  380  420  380  380  380  359
-5  420  340  178  378  359  359  359  380  340
277  258  340  420  378  420  399  380  380  399
380  319  300  380  279  380  319  380  340  380
359  239  380  359  380  380  300  420  298  420
380  -5  319  -5  319  359  399  319  279  380
399  340  420  279  338  -5  -5  420  380  -5
378  380  338  300  420  420  340  380  399  380
359  380  340  420  -5  260  298  420  319  420
420  380  399  340  336  420  340  420  340  420
359  319  399  300  380  340  380  380  -5  300
378  420  399  -5  380  279  399  378  378  420
380  359  399  420  340  380  359  420  399  399
420  399  -5  420  298  359  279  -5  319  319
380  420  340  340  380  380  359  380  380  359
380  420  420  359  319  279  338  340  380  420
420  340  319  420  260  298  340  420  -5  380
359  -5  258  319  340  399  420  420  58  420
420  340  260  300  420  359  420  319  258  420
380  258  399  399  378  319  359  -5  258  359
359  420  300  399  340  378  380  420  340  319
340  -5  359  300  359  359  380  359  380  378
319  420  319  359  399  239  -5  420  340  340
380  420  380  57  338  420  399  340  359  399
399  420  420  340  258  380  399  420  380  420
399  319  138  340  380  -5  399  420  399  338
420  380  420  300  420  380  359  399  239  359
380  420  380  300  58  277  420  380  420  298
420  340  399  319  279  340  338  399  380  399
178  359  359  380  399  357  420  340  298  -5
319  319  279  380  380  317  380  359  359  420
220  298  380  420  380  399  319  -5  380  420
258  340  380  -5  380  340  319  420  359  340
420  420  380  399  380  380  420  380  319  380
399  420  399  380  380  300  340  420  340  380
359  420  380  -5  399  380  340  298  300  420
340  260  -5  317  399  359  340  420  340  380
420  420  420  336  399  277  319  378  340  420
359  300  380  380  -5  -5  317  380  399  340
380  -5  340  340  -5  340  178  340  380  380
378  420  359  340  380  -5  197  340  420  399
319  279  420  380  420  340  298  -5  380  380
399  298  -5  260  -5  399  380  420  420  420
420  279  300  380  399  380  340  -5  399  380
298  380  380  338  338  380  380  -5  399  359
378  359  319  338  420  340  359  60  380  399
399  380  380  359  380  380  420  378  340  420
260  380  340  380  399  218  279  -5  420  239
319  399  380  340  420  338  258  359  -5  420
380  399  239  420  319  319  380  -5  359  380
420  359  298  300  420  420  319  298  180  359
359  300  420  300  260  340  359  359  380  340
279  380  319  359  380  -5  338  420  420  380
338  420  359  399  359  279  319  199  319  -5
279  340  420  300  380  378  218  380  380  380
420  359  420  378  -5  340  340  277  279  340
359  359  380  340  380  359  380  338  -5  340
197  359  399  359  -5  380  420  338  359  359
319  300  298  319  399  420  380  420  338  380
378  378  420  420  340  380  399  378  359  380
338  378  420  380  378  298  378  399  399  380
340  380  359  380  420  380  258  380  340  -5
260  359  359  359  420  338  420  -5  380  380
319  420  340  380  260  359  380  420  298  338
420  359  300  340  420  239  220  319  420  279
340  340  380  -5  380  338  300  359  380  399
359  380  420  420  380  319  399  380  399  319
180  359  258  380  340  -5  300  380  380  340
220  420  340  380  317  220  340  258  420  296
359  -5  420  420  420  399  420  359  279  380
380  399  359  338  298  218  300  378  380  359
-5  319  399  378  359  399  218  319  399  338
380  279  380  420  380  399  279  260  380  359
258  359  399  220  420  359  260  300  420  399
340  237  399  378  300  399  338  420  420  359
399  380  359  420  340  359  420  340  380  378
420  98  399  -5  340  216  359  359  380  420
359  420  340  380  338  220  298  420  380  380
420  319  420  359  420  338  380  340  319  340
300  380  338  338  399  340  380  300  420  399
399  378  420  420  420  399  340  -5  319  -5
357  380  380  359  -5  420  159  399  420  359
340  420  359  298  420  380  340  359  -5  340
378  -5  319  380  420  420  378  -5  359  378
317  260  359  378  399  220  340  319  359  338
176  317  338  399  399  420  420  420  380  399
279  279  340  420  338  340  378  359  399  380
399  319  258  300  336  380  420  380  138  399
420  260  279  300  380  380  340  378  -5  359
399  258  380  380  340  380  380  399  340  399
420  420  279  420  380  300  359  359  399  378
420  340  399  420  338  399  399  380  399  420
279  359  399  380  380  -5  340  260  279  420
340  279  380  420  359  340  340  298  300  319
277  420  399  319  319  420  380  420  420  359
359  380  319  319  -5  279  338  399  338  380
380  300  340  340  300  420  420  399  319  300
380  399  420  338  380  260  357  380  239  378
340  319  340  420  279  319  380  399  380  298
319  380  380  -5  380  340  119  260  399  359
359  420  319  420  380  279  420  359  298  378
338  258  420  359  380  -5  380  380  340  420
359  300  258  399  359  378  218  380  380  420
-5  340  420  380  420  380  319  399  420  378
300  340  380  359  319  359  340  420  59  380
420  420  420  319  420  338  399  399  420  420
380  340  300  378  378  319  380  420  420  420
380  378  338  399  420  359  319  399  380  317
338  420  340  380  420  -5  380  340  340  380
340  420  420  340  279  380  260  359  319  380
399  420  420  319  359  380  340  359  420  -5
-5  380  399  380  380  420  359  357  359  359
380  340  319  399  420  378  380  340  380  380
399  279  380  340  380  340  380  338  399  336
380  420  420  420  359  359  380  338  380  359
380  380  319  420  -5  420  340  380  420  420
340  420  340  420  399  260  420  420  380  340
-5  380  359  277  420  319  359  359  340  420
359  420  399  420  317  340  399  338  340  380
220  279  340  359  420  420  420  380  399  359
279  420  420  218  380  -5  317  298  380  338
319  -5  340  420  319  340  420  380  420  239
298  380  338  399  340  380  359  359  420  -5
359  279  380  380  340  380  359  380  260  380
359  340  420  260  340  359  237  237  359  380
380  340  399  380  380  399  420  380  359  300
279  399  420  319  399  380  340  420  258  399
359  340  420  338  338  399  399  380  420  359
380  258  420  380  380  380  239  319  319  300
258  340  380  338  420  380  380  399  319  420
420  380  359  420  319  340  279  380  380  260
420  359  399  359  319  420  420  319  399  380
359  420  420  340  399  260  380  359  380  359
359  420  420  258  340  380  338  378  420  340
340  399  380  279  300  300  239  420  399  420
319  340  279  -5  300  298  380  359  380  380
359  380  380  420  340  420  359  420  298  359
359  300  359  380  300  338  399  380  317  399
359  338  380  319  340  420  399  399  420  340
420  317  378  420  399  359  380  399  -5  420
420  340  -5  380  319  338  340  380  258  277
300  359  338  420  180  380  380  380  319  338
380  359  359  380  -5  420  260  340  -5  399
399  338  -5  420  378  340  420  340  420  300
258  340  279  359  340  420  380  359  340  319
-5  380  420  420  357  380  420  420  340  340
340  359  380  359  420  178  239  199  399  420
420  399  380  380  399  300  218  380  420  220
380  319  420  399  380  317  380  420  319  359
420  340  380  380  319  399  317  -5  380  399
380  359  399  359  340  340  380  380  359  378
399  340  420  359  319  319  380  420  399  380
258  380  399  399  420  237  340  420  359  420
340  380  399  380  340  260  420  319  340  338
380  300  420  340  359  359  399  380  420  -5
420  340  359  319  420  260  319  420  359  -5
300  420  380  359  378  359  279  357  -5  420
380  340  380  420  239  380  380  380  340  -5
239  359  420  359  359  399  340  279  199  300
340  420  399  399  380  420  340  380  420  300
380  340  399  319  319  357  420  380  239  260
338  380  -5  359  340  300  380  359  380  340
420  -5  279  338  279  378  380  300  380  420
380  420  319  340  357  359  420  237  216  159
420  319  338  420  319  359  399  338  380  -5
319  300  357  420  239  279  359  380  359  -5
359  -5  359  420  420  338  380  338  380  319
340  378  380  338  399  220  298  380  380  338
338  380  420  300  340  420  300  -5  300  420
359  378  260  319  300  359  279  380  359  340
220  340  399  319  378  340  399  380  399  399
380  380  300  300  420  378  380  159  338  380
380  399  359  380  340  420  380  -5  317  239
380  380  338  380  378  420  380  359  359  359
340  340  239  420  319  300  380  380  340  359
359  420  340  420  300  380  218  380  420  338
298  420  380  380  338  340  399  359  359  319
420  58  380  380  279  359  380  338  300  420
298  399  420  359  359  178  399  319  420  359
359  380  420  380  340  380  380  -5  380  359
357  378  359  420  420  340  340  380  420  380
359  399  399  380  338  340  420  340  340  380
319  420  300  420  378  378  340  260  340  420
380  380  298  338  399  380  359  420  300  399
-5  300  340  420  319  420  399  359  340  399
340  340  420  279  380  399  399  378  420  220
340  420  378  380  380  340  420  380  359  260
340  399  380  359  380  420  359  300  277  359
380  380  340  359  420  260  399  340  340  300
380  380  420  319  319  420  338  420  420  319
380  359  260  380  319  -5  420  340  420  380
399  359  420  298  399  340  258  300  256  380
399  420  380  420  340  -5  340  399  380  338
399  319  237  319  340  420  378  420  420  340
239  399  380  420  380  218  279  319  -5  199
-5  420  239  338  359  378  -5  359  260  359
420  359  420  380  420  359  420  340  -5  380
420  380  420  298  420  279  359  380  420  319
420  298  340  420  380  340  420  380  340  380
399  338  380  420  399  380  279  380  319  420
420  319  340  380  359  359  317  420  340  378
300  380  399  359  399  420  340  359  380  420
319  239  380  420  380  -5  359  340  399  359
260  319  340  380  399  399  380  220  420  359
380  359  258  359  420  258  260  300  -5  159
300  319  399  340  380  340  340  420  378  380
399  380  178  279  399  359  420  319  359  380
340  300  359  420  340  378  420  359  340  380
-5  338  218  359  380  -5  359  239  340  258
319  279  277  279  420  380  359  420  378  420
239  279  -5  420  420  420  399  399  359  420
300  300  340  239  420  380  319  399  420  298
319  340  180  380  420  277  340  420  340  420
359  380  359  420  380  380  340  340  380  279
319  420  359  399  420  420  319  340  380  199
359  340  380  357  359  159  300  298  420  340
378  380  380  378  298  399  380  340  300  298
359  420  359  300  300  340  420  340  340  -5
199  380  380  399  359  399  317  319  380  359
340  380  380  300  420  340  380  298  239  260
420  -5  300  260  319  260  380  380  378  260
359  420  420  340  338  378  359  359  359  359
399  380  340  380  279  399  359  378  359  298
420  399  380  420  420  378  380  279  399  420
399  319  399  317  380  338  380  340  298  420
359  319  319  279  340  420  378  199  298  300
378  340  380  340  380  420  380  380  340  359
380  380  380  380  359  380  298  239  340  420
277  338  420  420  380  420  340  378  359  220
420  218  317  420  359  420  340  279  340  420
258  380  380  317  399  399  277  -5  420  300
420  378  380  399  359  399  279  340  380  298
239  420  420  420  -5  420  420  340  340  420
380  340  380  380  338  340  420  359  380  359
380  380  338  319  340  420  319  319  300  279
420  -5  380  399  319  239  378  399  300  340
380  359  359  319  298  380  338  380  399  380
338  380  399  338  420  380  380  380  340  220
298  420  258  340  420  359  420  380  340  420
378  279  380  420  319  420  380  359  399  380
239  380  319  420  399  359  298  420  420  220
378  420  340  420  340  319  378  399  380  420
338  319  399  298  258  380  399  359  359  340
300  220  300  420  380  380  359  399  380  380
279  319  420  340  340  380  378  359  300  380
359  380  380  380  340  420  378  399  338  359
380  340  279  359  399  319  380  380  380  399
420  420  378  340  340  380  380  279  420  359
380  380  420  359  319  300  -5  359  399  319
378  380  180  317  338  420  319  420  340  380
340  380  380  380  359  298  338  -5  340  380
340  420  420  319  176  319  420  420  380  359
380  399  319  420  340  -5  340  340  319  399
420  399  359  279  277  359  420  380  420  359
279  338  279  180  260  399  300  60  300  420
-5  359  340  420  279  340  380  380  220  420
420  159  399  420  340  380  340  399  340  300
378  319  279  260  340  298  -5  359  399  420
338  380  399  260  298  378  420  340  258  296
359  380  380  340  380  380  279  319  420  380
380  380  340  399  340  380  380  380  380  399
279  317  359  420  258  420  338  399  340  277
300  340  260  340  420  380  340  378  338  300
420  279  340  420  298  340  380  298  420  319
216  378  300  399  338  300  298  378  380  399
319  420  380  340  300  420  340  380  399  359
380  340  420  277  -5  338  319  319  359  420
359  380  260  340  380  359  420  340  359  420
380  420  277  359  -5  420  420  420  319  340
258  420  380  399  380  420  420  378  260  420
319  420  380  258  319  300  359  260  319  420
340  420  340  380  300  399  380  380  279  380
420  420  239  380  380  420  359  340  420  319
380  378  239  298  220  420  338  380  380  338
399  359  319  300  340  380  319  218  319  319
239  300  399  340  279  378  380  338  380  420
319  258  420  359  359  340  420  420  420  340
380  380  239  359  399  319  380  380  359  399
420  380  300  319  399  340  399  359  380  399
420  319  420  420  340  399  338  399  359  279
420  359  359  300  399  399  338  380  399  239
380  380  359  279  420  380  380  399  300  420
359  300  300  -5  420  340  380  420  239  300
317  319  380  420  420  420  239  399  380  399
380  319  300  338  340  380  279  -5  420  300
319  319  420  380  319  279  340  359  399  380
319  359  420  279  340  420  420  420  380  359
420  399  359  420  340  380  -5  300  279  359
380  319  420  420  319  380  380  319  340  420
399  359  380  380  359  399  420  359  340  399
-5  319  399  319  -5  359  380  380  380  399
340  378  -5  420  258  380  378  359  340  420
420  319  319  420  298  319  420  420  380  420
300  380  338  420  359  199  378  420  359  359
380  340  380  399  399  237  300  340  380  380
420  319  239  380  420  380  380  399  420  359
380  260  380  420  380  319  199  338  338  239
420  380  340  380  359  359  359  420  340  380
300  319  420  279  258  237  380  340  399  319
340  380  300  420  319  340  380  279  399  380
420  399  319  420  420  340  279  279  380  357
340  279  239  359  399  380  359  319  420  319
380  420  420  340  420  420  319  300  420  319
300  399  -5  380  420  279  340  380  378  380
399  279  300  359  359  420  340  399  199  359
-5  260  380  159  340  420  399  319  279  319
420  399  420  359  420  420  380  420  359  399
380  298  420  380  378  340  340  380  298  378
-5  300  277  340  380  359  399  380  340  380
420  340  258  319  420  340  220  380  378  319
380  380  420  380  300  300  420  260  199  279
300  359  357  399  420  420  380  399  338  420
359  340  378  380  420  260  239  380  380  340
340  220  -5  319  380  277  239  340  359  420
420  319  420  359  420  319  338  420  359  237
340  420  359  420  340  420  359  279  300  420
340  380  420  359  239  380  -5  260  420  300
420  378  420  359  279  260  380  399  380  420
380  420  359  359  359  420  380  420  340  340
399  279  239  420  399  399  399  359  319  319
420  338  399  319  399  338  380  399  420  319
319  380  399  300  420  279  340  420  298  279
279  420  420  319  359  399  237  338  298  420
399  399  380  359  399  340  340  300  340  399
420  399  399  340  378  380  420  319  359  380
359  258  340  399  300  300  359  420  380  420
260  300  420  380  420  399  380  380  380  298
420  380  420  359  420  279  420  -5  340  359
340  380  420  338  340  380  300  420  399  340
380  319  420  420  340  420  319  298  420  279
340  380  420  420  380  239  338  399  380  380
279  319  399  298  359  399  -5  380  340  420
340  399  340  420  359  380  380  359  420  340
420  340  319  239  277  279  300  380  340  359
319  300  420  340  399  338  420  317  420  319
420  420  359  319  300  420  378  319  340  277
420  420  359  380  380  378  380  380  399  258
359  300  237  420  319  380  359  420  298  338
420  399  380  298  420  399  380  380  359  258
317  340  420  340  399  319  300  359  420  399
399  380  380  340  340  399  359  279  380  359
319  380  359  420  380  319  338  378  359  399
420  399  338  380  359  420  380  380  359  380
380  340  298  420  380  380  359  359  -5  319
218  399  359  420  380  319  399  380  340  420
420  256  -5  300  380  359  380  380  359  359
-5  359  359  420  260  359  380  239  380  399
380  338  420  300  399  357  399  399  260  340
399  359  380  399  317  380  340  340  300  420
279  378  338  338  399  319  300  239  420  340
298  340  420  298  380  178  279  319  380  399
359  260  420  319  420  380  380  338  359  420
258  296  420  399  399  380  380  420  380  317
359  420  340  378  279  300  420  420  340  380
380  -5  279  -5  319  420  319  300  239  420
319  420  338  420  338  420  300  380  420  338
338  300  319  338  380  420  340  359  399  380
359  260  380  359  380  359  359  420  340  380
340  279  359  338  300  359  300  420  359  380
279  380  420  380  399  399  380  378  420  279
380  378  239  279  340  399  380  399  399  340
399  380  359  420  338  399  359  340  340  399
260  60  380  380  300  298  378  359  359  380
298  359  380  420  420  319  399  380  239  298
359  319  380  380  399  359  380  380  340  239
319  399  340  338  319  420  338  380  380  359
380  359  319  319  319  420  380  359  420  399
399  420  319  399  340  258  258  380  420  399
319  380  380  340  340  359  420  277  399  357
239  380  380  359  380  60  357  380  338  338
399  359  399  378  319  399  420  399  340  340
399  359  -5  340  338  378  380  380  258  420
420  138  420  380  380  359  300  340  300  300
380  380  380  338  279  380  359  420  279  340
420  300  359  399  359  399  319  380  319  298
399  380  380  340  378  340  420  300  319  300
340  279  319  420  420  359  380  420  338  359
359  380  338  399  380  319  220  399  338  380
399  319  380  -5  220  279  378  359  420  359
380  218  380  260  399  380  420  340  380  420
399  359  340  340  420  399  319  380  420  380
420  340  340  420  380  319  319  300  277  380
359  300  399  359  300  239  420  340  359  380
-5  380  359  338  340  378  380  340  340  420
338  399  216  378  296  319  260  340  300  380
399  319  420  380  420  420  319  359  399  298
300  380  338  359  159  338  319  319  380  359
340  380  340  380  378  380  340  380  399  340
340  420  420  399  319  380  338  359  420  420
359  258  380  340  380  420  319  138  380  399
380  380  260  340  380  197  340  380  399  239
319  420  256  340  420  420  319  380  399  399
340  380  380  420  380  420  298  359  378  420
420  380  380  380  -5  420  180  338  380  180
420  340  380  420  380  380  -5  399  420  319
340  380  359  399  359  -5  279  260  399  380
359  399  420  420  359  420  277  359  420  279
258  380  359  380  399  319  359  359  380  319
420  319  340  239  420  399  359  298  317  399
380  340  -5  300  399  260  420  300  340  420
340  380  380  420  380  279  420  420  317  399
399  420  338  380  380  300  420  319  338  380
239  380  340  218  220  380  -5  300  300  -5
420  319  380  420  359  399  399  317  420  319
380  319  420  420  220  340  300  420  319  420
420  399  420  359  420  319  420  380  300  319
300  380  359  399  380  340  420  380  399  380
399  338  420  420  340  380  277  258  279  340
380  300  380  380  -5  340  420  359  380  359
420  300  300  260  399  420  380  199  338  399
359  300  300  117  -5  380  420  279  340  380
340  319  420  378  378  359  340  380  399  380
340  300  340  420  340  300  380  420  340  380
359  420  380  319  340  300  340  340  319  239
380  380  399  340  399  380  359  260  359  380
380  258  197  420  -5  359  359  258  260  380
380  380  380  340  380  380  260  -5  380  279
319  420  336  420  258  260  277  336  359  357
359  359  279  380  340  319  420  420  300  260
340  420  378  380  340  340  359  380  279  380
380  260  239  420  -5  380  359  380  338  -5
216  359  380  218  420  380  340  340  338  399
380  300  420  359  340  380  359  420  380  380
420  380  399  380  420  -5  420  300  399  359
298  298  420  319  378  380  357  378  380  340
399  -5  340  380  378  420  359  380  359  359
-5  420  420  338  399  380  380  298  300  239
380  380  399  380  359  399  380  380  380  420
298  380  359  380  340  399  338  298  319  399
380  340  319  420  359  420  380  420  319  359
298  260  260  319  -5  239  279  300  258  319
359  380  300  300  420  338  -5  260  100  359
399  340  -5  420  380  340  298  359  380  338
319  399  300  420  359  420  338  260  340  420
357  420  399  420  340  359  359  319  420  380
340  380  399  338  380  298  420  420  340  340
319  -5  258  359  380  277  298  277  338  378
359  420  340  420  340  378  399  338  279  380
-5  340  420  359  380  298  380  359  380  359
340  399  380  420  340  420  359  380  420  380
380  359  380  399  359  338  380  380  380  -5
220  359  380  399  319  380  319  380  340  399
380  319  258  -5  -5  359  380  338  260  399
420  338  378  420  300  378  340  340  380  378
378  420  319  378  380  380  258  197  420  319
260  359  359  399  380  340  319  399  359  420
420  279  420  359  340  380  399  380  340  399
399  420  399  178  420  380  117  378  -5  279
-5  239  319  340  420  380  380  399  340  338
399  359  340  380  399  199  319  359  380  420
399  399  380  399  380  420  338  380  380  338
420  338  399  317  300  399  340  300  380  319
298  380  420  378  420  380  380  258  378  340
338  420  340  420  119  338  380  319  399  420
340  420  340  420  220  359  380  380  340  380
340  420  359  420  338  300  340  380  420  420
359  340  380  420  300  359  420  317  399  420
359  420  420  380  380  380  380  380  359  380
420  300  340  420  420  319  300  218  359  378
380  380  380  359  338  300  300  399  359  319
399  340  380  340  300  216  399  380  399  319
279  359  338  380  199  260  420  399  340  380
300  338  399  380  359  359  359  380  340  380
319  359  399  260  420  319  359  380  340  237
359  359  420  420  340  380  340  340  420  319
420  359  378  399  340  380  340  380  359  300
300  420  199  340  380  420  359  380  380  239
380  338  319  380  340  340  300  380  380  380
298  319  420  399  399  359  359  157  340  380
359  420  340  359  260  420  380  380  420  359
380  420  300  359  300  420  359  260  380  338
399  317  340  260  380  340  300  359  380  380
399  359  338  340  380  380  260  260  260  -5
399  380  380  298  420  359  -5  380  199  279
-5  300  340  319  319  300  420  399  340  420
319  279  157  338  378  338  340  378  338  359
380  380  380  380  260  378  380  380  380  279
380  340  380  420  359  340  359  380  338  380
279  420  380  340  420  300  340  420  279  420
420  420  338  380  420  420  300  378  359  378
380  300  260  380  399  319  380  -5  220  279
260  338  157  300  359  420  420  340  359  319
399  298  300  420  340  359  380  420  380  420
399  420  420  420  359  380  378  380  340  279
359  399  399  378  317  298  220  319  399  340
340  378  258  340  380  340  380  319  218  300
239  380  359  298  340  420  300  239  138  340
399  420  380  340  319  420  420  338  420  338
340  399  258  378  359  420  420  420  340  399
300  359  298  380  260  378  380  300  420  380
399  340  378  420  378  199  319  340  420  298
420  380  380  279  380  420  -5  340  359  420
-5  359  -5  340  340  420  420  380  260  319
-5  -5  420  420  340  420  298  420  359  380
420  420  338  380  359  300  399  319  -5  338
279  359  220  420  338  338  380  218  380  300
380  420  359  420  420  319  258  340  380  298
359  260  239  98  199  359  380  357  420  340
399  399  399  380  -5  420  340  380  420  359
319  420  420  300  319  258  220  -5  399  340
399  220  420  399  357  -5  199  399  420  279
340  338  380  340  378  359  420  319  258  -5
319  300  338  420  380  340  380  359  319  420
399  338  399  338  380  420  380  420  300  399
317  380  279  239  399  258  340  378  380  159
359  420  380  300  277  338  420  359  359  399
380  340  359  420  340  420  380  420  359  420
380  380  298  359  359  380  340  258  300  380
399  399  359  399  420  380  338  340  300  359
399  380  399  319  298  378  399  319  380  380
180  340  420  420  380  300  340  340  399  258
359  -5  300  380  340  357  420  298  380  340
319  340  300  239  359  380  399  298  420  399
319  359  420  380  357  420  359  300  420  420
279  380  359  378  380  220  378  340  420  279
258  380  319  420  420  319  260  340  380  359
319  420  300  420  338  399  420  420  420  359
319  359  298  359  300  420  319  380  319  239
340  399  338  420  359  420  378  340  420  399
399  380  340  338  399  380  218  420  380  359
399  359  420  338  380  298  300  319  420  420
338  258  380  340  399  359  319  420  279  319
420  359  380  340  380  258  260  300  319  319
420  359  380  359  420  399  300  380  359  359
399  380  359  420  317  258  420  319  399  420
300  420  378  380  340  420  380  420  317  338
420  380  420  298  399  380  359  319  420  420
298  340  420  338  399  380  380  359  340  298
380  340  338  399  340  420  399  340  380  300
420  338  380  300  420  340  420  420  319  279
380  380  277  300  340  420  338  378  239  319
420  380  359  420  359  340  380  199  340  340
359  420  260  378  359  359  178  317  300  359
359  380  399  317  420  420  277  359  380  399
420  340  359  399  159  420  319  420  340  340
359  399  340  399  319  319  420  380  399  420
420  399  359  277  279  399  378  300  420  380
420  340  340  380  399  380  378  319  319  420
296  380  380  380  380  380  340  300  380  380
340  378  338  378  399  420  340  380  380  420
220  340  300  258  300  380  319  338  420  239
359  399  340  420  399  359  340  420  380  237
260  260  359  378  340  340  338  380  359  300
340  359  380  340  399  340  380  359  340  380
317  98  338  338  359  359  420  359  399  260
338  199  279  380  340  359  399  359  239  380
359  319  420  340  359  -5  380  300  279  260
378  340  399  340  397  380  300  380  338  277
359  380  420  359  420  399  359  300  420  420
380  340  420  420  260  380  380  380  380  357
380  340  399  300  340  279  -5  420  359  380
399  420  399  420  317  319  319  399  338  178
380  399  380  399  340  359  399  319  300  220
218  279  420  380  340  380  319  340  420  279
319  380  420  319  420  338  420  300  319  420
399  399  420  260  357  380  239  380  380  420
380  380  399  380  420  420  340  359  140  420
338  279  420  399  380  -5  340  338  380  300
258  298  340  380  380  359  399  300  357  359
317  298  260  300  420  300  399  380  380  380
340  380  380  340  338  340  340  420  279  420
319  359  399  260  399  340  359  260  319  420
260  300  420  420  340  399  399  420  380  359
-5  399  359  359  399  380  359  -5  340  399
340  336  298  319  380  380  220  420  399  340
420  340  279  300  380  359  58  380  359  197
359  420  279  300  239  336  279  340  340  420
359  380  399  -5  359  359  319  260  359  420
319  298  380  260  380  378  359  340  420  -5
380  300  420  300  399  -5  340  420  300  420
420  359  380  380  340  420  380  380  397  340
220  359  359  380  420  239  420  359  380  359
380  340  380  420  218  258  340  239  258  138
340  399  420  -5  399  138  359  380  319  340
380  359  359  380  399  319  279  399  319  319
399  199  399  399  340  239  380  336  319  399
378  380  359  359  420  420  359  359  319  380
340  380  340  380  359  359  380  340  420  300
420  420  319  420  380  359  359  380  380  359
218  380  380  359  260  340  258  420  380  300
340  380  340  300  340  420  399  319  340  380
340  260  380  357  420  420  300  319  317  380
298  260  340  380  239  380  420  420  319  399
380  199  180  380  420  380  359  319  380  300
380  359  359  359  380  399  399  340  399  178
300  319  300  380  380  359  338  298  359  420
380  199  380  340  298  340  420  197  319  399
300  279  380  239  298  319  420  340  340  300
340  340  460  317  359  420  338  420  300  340
399  420  340  399  420  359  378  420  399  340
357  380  319  359  378  380  378  380  420  340
420  237  258  359  340  420  399  359  359  258
300  380  340  380  340  340  319  359  239  340
380  378  420  319  319  340  420  300  298  380
340  117  239  380  340  399  378  378  359  260
239  340  359  420  380  340  319  420  359  338
420  420  338  340  319  380  399  380  420  359
340  380  420  260  399  420  340  420  340  340
199  239  338  380  340  399  359  380  380  319
319  399  319  420  380  420  380  199  420  317
359  279  340  380  359  357  -5  420  300  239
399  340  376  340  420  317  319  340  338  420
399  319  220  420  340  420  399  340  378  340
399  420  359  380  420  279  420  380  380  359
260  239  319  340  340  420  260  340  420  319
399  420  359  359  357  359  380  260  340  340
359  399  359  380  359  420  300  258  359  380
279  340  420  380  359  338  380  378  399  359
359  340  319  399  260  317  319  380  340  380
380  239  279  338  399  420  420  399  239  420
359  260  220  -5  399  277  399  340  399  319
380  340  359  420  380  420  359  420  420  359
359  380  300  -5  420  420  319  340  380  399
399  319  359  359  340  420  340  300  378  340
420  420  420  380  399  296  399  340  380  380
378  359  359  340  300  359  380  420  399  380
420  340  420  359  338  319  338  279  359  378
378  159  279  260  380  399  420  399  279  357
378  -5  279  420  319  279  298  420  340  420
380  380  300  380  399  420  399  277  340  399
298  340  380  380  380  380  340  340  378  340
399  359  359  -5  380  399  -5  420  279  319
319  -5  380  319  420  340  319  239  399  399
399  380  359  399  380  420  319  378  338  298
298  359  380  319  399  260  380  420  298  420
399  260  380  340  399  340  380  359  338  359
380  399  380  279  359  399  420  420  399  340
420  399  319  359  359  420  300  380  420  420
359  340  380  260  258  380  380  359  319  159
359  420  380  399  380  399  340  420  380  359
380  338  380  380  338  380  359  399  378  399
319  359  380  380  399  359  300  340  380  298
296  380  399  260  338  239  420  359  340  420
380  380  340  319  359  420  279  380  359  340
380  357  378  359  340  420  420  380  420  340
300  279  399  199  59  338  399  58  239  60
60  260  100  239  279  359  359  300  420  178
420  420  159  239  359  380  359  359  380  399
380  359  420  399  220  220  380  359  380  378
399  319  340  380  420  380  380  300  380  340
279  340  380  420  319  420  319  260  300  340
380  380  279  319  399  380  420  420  420  420
298  399  378  300  340  420  380  300  319  420
338  380  399  380  338  340  340  380  260  378
420  359  420  420  359  300  380  357  380  -5
359  380  378  420  340  338  380  258  279  319
420  380  359  378  359  359  399  340  420  197
420  300  338  378  380  399  380  380  420  359
319  420  378  340  279  359  359  399  380  300
380  340  380  340  199  380  359  380  300  399
340  359  399  420  319  338  319  319  258  399
319  260  399  359  319  218  380  359  359  380
378  420  399  399  279  300  319  420  340  340
359  359  359  399  319  340  380  258  340  359
420  340  340  380  420  380  380  399  399  340
380  340  340  319  300  380  380  420  420  319
300  399  340  98  239  399  300  340  399  420
340  420  380  380  359  300  420  300  258  279
359  380  359  420  420  399  340  380  380  -5
380  359  338  340  380  399  399  420  319  420
319  296  378  420  380  380  340  380  420  79
380  399  420  380  239  279  420  340  359  420
380  399  380  359  420  359  380  399  420  380
399  338  380  359  340  359  340  399  399  279
420  380  399  359  399  420  420  380  340  420
378  340  319  319  277  399  420  180  277  380
359  458  319  399  340  420  298  420  420  220
380  340  359  399  340  380  380  359  359  359
260  380  317  420  380  378  338  380  399  279
340  380  340  399  338  237  359  380  258  300
300  380  420  359  359  420  279  319  359  420
380  399  359  420  298  -5  420  180  319  258
380  359  319  380  340  340  298  359  239  340
420  359  420  378  359  300  420  319  340  359
340  380  420  378  380  159  340  500  338  359
420  300  359  296  300  380  359  340  380  279
359  340  420  380  420  340  399  359  239  338
420  399  338  380  460  260  420  380  380  300
380  340  380  319  378  258  359  399  340  340
218  340  340  319  420  319  300  359  279  340
319  399  420  319  420  399  380  399  380  300
359  458  180  338  300  298  399  420  359  399
-5  258  359  420  399  380  420  359  420  300
279  340  239  237  319  380  399  199  380  378
298  420  420  340  340  359  380  420  199  380
300  359  140  399  420  298  279  359  380  298
420  258  279  317  420  338  300  359  380  300
399  340  380  279  380  359  380  378  380  178
420  359  420  420  380  380  380  338  359  279
319  420  380  380  420  399  317  319  380  399
359  380  399  319  300  380  420  340  300  378
420  279  279  180  239  420  380  279  340  399
359  279  420  359  380  420  340  420  319  420
378  420  338  300  420  420  378  340  319  420
359  380  380  -5  319  300  319  399  338  380
378  380  340  340  399  380  420  380  319  380
380  420  300  380  340  279  420  380  298  340
319  420  338  340  359  420  420  380  357  420
298  218  378  420  300  279  340  399  338  279
340  380  359  380  359  380  260  399  399  399
380  420  319  380  420  359  378  380  420  317
380  380  340  380  380  359  380  258  420  340
380  380  340  380  380  380  378  420  420  319
399  420  399  380  399  420  279  300  378  380
340  420  340  420  420  319  399  359  359  319
298  359  378  380  420  298  319  399  378  300
420  399  197  319  338  420  319  380  420  380
380  319  319  380  359  420  359  399  319  340
380  300  300  340  380  296  340  378  380  340
380  317  380  380  178  399  420  380  420  420
338  -5  319  340  220  420  357  298  380  338
239  399  399  380  399  380  300  -5  178  300
298  340  340  258  298  239  279  420  340  300
319  380  380  359  380  357  399  359  380  -5
380  338  380  300  380  338  420  340  378  420
380  359  420  340  218  279  340  279  300  420
420  380  359  319  420  359  298  277  378  399
340  380  340  420  420  279  340  420  399  340
399  399  338  340  420  340  260  277  420  319
176  359  340  420  380  380  380  378  260  420
319  420  399  319  420  300  380  300  340  380
380  380  239  380  399  340  340  380  380  399
380  300  357  420  378  340  380  340  258  420
340  340  399  399  378  420  279  380  338  319
340  300  420  138  319  420  340  420  319  380
380  319  340  380  380  338  -5  380  260  340
340  380  340  380  420  420  359  420  378  277
399  420  399  380  260  359  420  239  420  380
300  380  399  340  279  420  420  340  420  319
420  420  239  380  340  420  399  420  380  260
298  420  420  340  319  338  420  338  399  260
340  399  338  420  380  239  298  319  420  338
420  319  340  380  319  298  300  420  277  420
420  319  218  380  -5  340  420  399  159  300
380  380  279  359  380  340  178  420  380  340
340  420  338  319  338  220  298  359  359  340
399  420  359  359  359  399  220  340  420  277
319  399  340  420  420  319  298  420  420  399
260  359  338  380  300  380  317  420  338  420
239  399  380  380  420  319  420  380  359  277
380  420  340  300  380  378  258  359  359  380
340  420  380  399  359  260  338  319  258  319
359  378  237  239  338  340  218  237  359  399
420  340  380  380  380  359  340  380  420  380
338  420  380  338  258  319  380  359  399  420
420  317  359  359  279  319  279  319  378  359
218  279  319  380  420  420  340  399  378  359
380  277  340  340  399  420  300  340  380  380
340  380  220  380  420  338  378  239  340  319
420  277  338  178  258  399  260  258  420  420
420  319  317  359  359  359  340  420  319  420
380  340  319  359  380  380  340  380  380  338
340  260  359  420  380  199  338  399  380  399
359  319  420  319  380  357  420  319  218  300
420  359  378  279  380  380  380  380  300  300
420  319  319  340  378  380  340  300  298  420
340  380  340  380  300  338  178  380  340  380
340  380  319  258  319  380  338  420  420  359
380  380  260  359  420  380  340  300  399  399
380  380  340  359  380  359  380  380  340  338
380  340  380  399  319  340  378  380  340  378
359  378  319  420  319  357  380  300  300  420
380  380  420  298  340  420  359  359  380  380
319  420  380  359  399  319  340  317  340  359
340  380  399  380  300  399  380  420  380  277
279  380  420  340  420  380  378  420  380  380
399  359  300  300  420  420  319  300  399  359
258  380  258  399  420  380  399  258  300  399
380  399  380  340  420  359  420  239  277  359
420  399  399  380  340  340  380  300  340  399
380  380  359  260  340  279  298  420  359  380
420  300  298  399  378  298  340  420  336  380
399  338  380  340  260  279  359  260  300  258
380  279  340  380  359  338  420  279  340  340
380  300  420  279  260  380  420  359  359  239
300  420  258  359  340  319  359  399  380  340
380  420  380  319  399  340  279  380  359  399
380  340  420  359  319  199  380  420  378  340
420  340  399  380  420  340  220  159  260  359
380  420  359  359  380  378  380  300  300  300
380  420  380  359  340  319  298  359  380  380
296  420  420  420  399  359  380  380  380  380
420  380  340  380  380  340  359  420  216  399
340  340  359  420  420  300  420  420  380  380
380  380  420  359  340  420  340  239  420  340
239  380  380  399  399  340  319  399  399  340
420  298  260  380  420  277  319  420  420  338
340  380  420  340  380  380  338  380  399  298
420  319  340  380  239  359  399  399  340  197
399  420  380  420  220  420  338  340  380  380
180  420  380  378  260  420  380  380  380  338
380  340  380  300  399  340  380  300  420  340
239  380  399  380  399  380  298  317  420  380
380  340  220  380  258  420  300  319  239  176
340  300  420  420  380  380  420  380  279  340
218  340  380  338  380  420  420  399  279  359
