181
293
392
501
605
694
794
873
1036
1171
1272
1500
1916
2323
3319
4280
5095
5859
7060
7673
8241
9207
10479
11262
12127
12669
13340
14055
14693
15254
15799
16481
17047
17982
18781
20060
21050
21933
22441
23188
24297
25265
25852
26553
27242
27872
28445
29093
29686
30520
31700
32956
33955
34992
35876
39140
39901
40298
41110
41722
42603
43260
44135
44770
46497
47283
48736
49845
50973
51636
52279
53153
53718
54516
55609
57097
57681
60810
62487
63965
65438
65544
65654
65754
66148
67568
69262
69454
69629
71503
71755
73119
73471
73887
74404
74566
74874
75355
75806
76262
76262
76698
77092
77707
78303
78782
79392
79843
80226
80690
81120
81575
82108
82594
83041
83549
83915
84319
84834
85276
85668
86242
87019
87642
88046
88381
88797
89194
89577
90012
90462
90813
91290
91674
92127
92636
93229
93663
94045
94428
94873
95226
95583
95906
96308
96666
96994
97368
97716
98106
98463
98812
99129
99481
99825
100187
100572
100919
101306
101693
102075
102456
102810
103204
103584
104029
104369
104860
105269
105630
105945
106358
106747
107102
107451
107771
108086
108402
108787
109113
109430
109735
110108
110427
110744
111068
111387
111742
112052
112375
112702
112988
113342
113650
113971
114266
114549
114867
115190
115519
115519
115836
116184
116509
116853
117183
117501
117816
118137
118454
118775
119097
119448
119774
120091
120412
120734
121049
121373
121693
122010
122331
122649
122968
123352
123676
123993
124314
124636
124960
125279
125595
125914
126242
126585
126905
127221
127543
127860
128179
128499
128823
129141
129464
129846
130173
130489
130807
131129
131449
131770
132125
132507
132830
133144
133491
133813
134133
134457
134779
135092
135419
135726
136057
136348
136672
136988
137306
137653
137972
138333
138649
139002
139318
139638
139957
140277
140599
140918
141243
141558
141884
142232
142618
142937
143261
143582
143928
144251
144571
144928
145244
145562
145882
146201
146558
146869
147227
147573
147892
147892
148214
148568
148892
149211
149528
149851
150174
150521
150839
151164
151482
151799
152115
152443
152759
153112
153436
153754
154078
154394
154717
155033
155352
155679
156024
156350
156663
156983
157305
157621
157945
158269
158585
159004
159348
159704
160025
160345
160670
160984
161305
161691
162008
162328
162653
162968
163288
163616
163933
164248
164569
164891
165210
165532
165882
166197
166518
166835
167198
167521
167839
168158
168477
168819
169142
169433
169756
170072
170393
170718
171033
171378
171738
172095
172415
172724
173043
173374
173688
174008
174296
174621
175003
175321
175646
175964
176284
176605
176949
177267
177594
177947
178264
178588
178904
179229
179546
179869
180214
180214
180533
180855
181236
181560
181877
182198
182522
182841
183165
183483
183834
184158
184500
184858
185181
185502
185825
186139
186468
186844
187166
187480
187789
188153
188479
188786
189111
189427
189786
190104
190424
190751
191064
191391
191705
192030
192349
192664
192994
193372
193688
194017
194331
194651
194968
195291
195611
195937
196248
196571
196888
197208
197530
197853
198173
198488
198810
199129
199459
199798
200158
200472
200796
201114
201435
201754
202076
202383
202718
203036
203377
203736
204058
204378
204697
205021
205337
205661
205978
206301
206619
206938
207285
207606
207962
208281
208605
208923
209245
209565
209882
210239
210556
210878
211194
211510
211866
212186
212505
212505
212829
213147
213503
213855
214198
214515
214841
215162
215483
215796
216121
216447
216757
217123
217437
217753
218079
218394
218714
219060
219736
220091
220408
220727
221053
221367
221684
222010
222334
222646
223002
223320
223646
223990
224311
224625
224952
225305
225626
226035
226355
226715
227038
227357
227678
228027
228349
228669
228988
229300
229660
229986
230321
230646
231003
231320
231643
231961
232283
232636
232959
233270
233590
233946
234266
234588
234910
235228
235551
235894
236197
236534
236874
237211
237529
237854
238173
238497
238808
239131
239460
239772
240090
240408
240728
241052
241437
241752
242072
242393
242718
243035
243352
243736
244122
244442
244797
245109
245429
245429
245751
246073
246455
246808
247159
247514
247834
248189
248502
248824
249148
249463
249785
250104
250419
250737
251065
251385
251709
252021
252378
252698
253018
253336
253663
253978
254296
254621
254943
255256
255578
255898
256218
256575
256888
257215
257526
257851
258173
258485
258807
259126
259445
259801
260126
260470
260825
261144
261499
261850
262170
262488
262808
263130
263448
263770
264090
264421
264760
265086
265396
265718
266099
266424
266748
267068
267389
267701
268020
268339
268660
268980
269299
269627
269940
270264
270585
270909
271263
271576
271898
272217
272539
272861
273182
273503
273820
274140
274457
274780
275096
275424
275740
276063
276379
276698
277022
277340
277657
277657
277976
278331
278649
278963
279291
279614
279930
280255
280600
280920
281242
281564
281880
282204
282520
282845
283164
283482
283802
284128
284444
284794
285146
285470
285790
286105
286428
286771
287097
287419
287770
288120
288476
288798
289114
289434
289753
290076
290396
290713
291037
291359
291672
291998
292318
292636
292960
293277
293600
293912
294236
294555
294878
295194
295519
295856
296184
296500
296821
297141
297461
297841
298173
298522
298840
299160
299480
299802
300122
300442
300762
301087
301406
301749
302069
302395
302749
303066
303387
303704
304056
304374
304701
305016
305332
305651
305981
306295
306614
306970
307289
307610
307994
308313
308635
308953
309276
309594
309916
309916
310236
310558
310939
311257
311581
311900
312244
312602
312924
313243
313560
313886
314204
314522
314842
315162
315507
315836
316149
316472
316790
317107
317432
317786
318108
318426
318779
319097
319415
319734
320058
320375
320700
321013
321342
321692
322016
322334
322650
322968
323292
323613
323928
324252
324570
324891
325208
325530
325856
326199
326553
326877
327221
327541
327863
328183
328511
328824
329141
329470
329783
330100
330423
330748
331063
331420
331739
332088
332402
332762
333087
333402
333725
334042
334363
334705
335036
335357
335671
335993
336410
336758
337076
337434
337756
338077
338393
338714
339034
339354
339672
340006
340317
340635
340979
341301
341626
341942
342261
342261
342616
342936
343261
343580
343896
344220
344547
344859
345206
345563
345884
346229
346617
346939
347252
347618
347929
348251
348598
348920
349247
349563
349913
350237
350555
350876
351227
351543
351860
352184
352510
352860
353178
353503
353850
354204
354523
354910
355232
355549
355865
356186
356510
356858
357172
357493
357811
358137
358453
358777
359096
359414
359730
360056
360372
360691
361018
361335
361649
361974
362291
362615
362942
363263
363581
363900
364212
364533
364891
365213
365533
365851
366176
366493
366839
367167
367512
367910
368634
368950
369752
370075
370399
370714
371032
371355
371674
371995
372319
372642
372955
373304
373625
373943
374297
374620
374940
375259
375580
375580
375898
376243
376565
376888
377269
377592
377906
378230
378551
378873
379191
379518
379832
380148
380511
380825
381146
381467
381819
382137
382455
382810
383132
383455
383768
384090
384417
384764
385112
385436
385758
386075
386460
386777
387102
387416
387739
388058
388384
388702
389019
389339
389665
389977
390305
390619
390943
391258
391579
391901
392218
392539
392859
393180
393498
393820
394136
394464
394778
395100
395418
395737
396061
396415
396722
397082
397401
397720
398043
398361
398682
399004
399320
399644
400026
400374
400730
401051
401395
401724
402040
402360
402678
403001
403316
403673
403993
404316
404635
404956
405276
405601
405917
406238
406554
406872
407194
407517
407835
407835
408156
408478
408795
409137
409461
409784
410102
410460
410782
411102
411453
411764
412085
412415
412731
413049
413366
413688
414045
414362
414682
415001
415321
415642
415966
416283
416602
416924
417271
417591
417911
418232
418546
418872
419192
419519
419836
420153
420471
420828
421149
421491
421818
422139
422457
422815
423131
423450
423797
424120
424439
424761
425080
425466
425785
426140
426491
426810
427126
427482
427839
428149
428468
428793
429118
429473
429784
430110
430424
430755
431086
431415
431774
432098
432499
432862
433178
433501
433821
434140
434460
434777
435096
435447
435763
436090
436409
436727
437041
437370
437692
438040
438361
438687
438998
439320
439657
439987
440314
440314
440636
440949
441270
441589
441954
442264
442587
442908
443254
443613
443933
444248
444570
444896
445212
445530
445850
446170
446492
446814
447132
447450
447804
448154
448472
448793
449139
449462
449816
450137
450458
450777
451099
451420
451742
452061
452444
452765
453080
453401
453722
454043
454365
454680
455001
455327
455672
455994
456312
456664
457079
457400
457756
458104
458456
458776
459101
459418
459741
460059
460380
460763
461113
461431
461752
462070
462456
462769
463097
463454
463795
464123
464436
464799
465115
465437
465752
466101
466429
466740
467069
467418
467738
468122
468440
468767
469080
469402
469722
470065
470392
470708
471031
471386
471737
472054
472373
472693
473051
473051
473373
473690
474010
474359
474745
475060
475382
475704
476056
476377
476698
477018
477345
477656
478008
478329
478652
478971
479286
479611
479931
480244
480608
480922
481245
481560
481886
482206
482553
482871
483191
483510
483830
484147
484507
484855
485213
485532
485852
486232
486552
486903
487223
487540
487861
488184
488503
488819
489178
489496
489841
490172
490491
490803
491133
491452
491803
492124
492444
492764
493084
493402
493727
494040
494363
494682
495000
495348
495673
495994
496312
496632
496987
497310
497631
497947
498297
498616
498970
499296
499614
499936
500248
500577
500888
501244
501598
501915
502260
502621
503008
503320
503642
503965
504280
504604
504950
505274
505595
505595
505951
506265
506588
506906
507229
507546
507870
508216
508534
508861
509175
509530
509848
510169
510491
510812
511158
511481
511795
512127
512433
512755
513082
513403
513717
514042
514395
514717
515036
515352
515675
515994
516312
516643
516988
517307
517622
517943
518301
518621
518943
519262
519576
519925
520246
520571
520892
521213
521528
521854
522169
522488
522814
523127
523444
523766
524084
524405
524729
525045
525366
525724
526042
526363
526684
527092
527450
527779
528117
528437
528763
529082
529395
529760
530073
530394
530712
531036
531353
531673
531992
532318
532664
532982
533301
533622
533950
534296
534625
534939
535256
535576
535902
536219
536542
536864
537208
537528
537909
537909
538231
538551
538904
539291
539611
540382
540697
541020
541336
541660
541981
542296
542618
542941
543258
543607
543929
544252
544566
544891
545210
545562
545884
546204
546520
546840
547167
547482
547807
548126
548446
548764
549115
549429
549750
550106
550429
550747
551065
551388
551712
552059
552373
552689
553012
553337
553657
553970
554331
554652
554997
555326
555637
555961
556279
556596
556918
557233
557563
557918
558234
558579
558907
559226
559582
559896
560218
560540
560864
561178
561504
561818
562142
562458
562777
563096
563420
563740
564059
564382
564728
565045
565374
565683
566009
566366
566708
567028
567350
567668
567989
568314
568629
568984
569306
569626
569950
570266
570593
570593
570909
571233
571546
571867
572188
572569
572889
573208
573528
573850
574170
574490
574813
575130
575453
575772
576088
576412
576761
577087
577397
577753
578074
578399
578782
579125
579446
579800
580124
580440
580760
581082
581430
581754
582069
582396
582718
583034
583354
583672
583989
584309
584632
584984
585311
585655
585969
586290
586612
586935
587293
587641
587956
588278
588598
588923
589238
589559
589882
590195
590518
590904
591262
591578
591898
592218
592537
592856
593179
593497
593855
594167
594520
594841
595189
595549
595866
596186
596506
596829
597147
597464
597786
598106
598431
598748
599066
599390
599735
600058
600476
600793
601123
601467
601784
602100
602422
602743
603061
603061
603419
603736
604063
604386
604700
605084
605403
605724
606048
606385
606748
607067
607391
607771
608092
608408
608728
609051
609374
609697
610010
610329
610654
610974
611289
611614
611930
612249
612576
612923
613272
613594
613939
614262
614583
614901
615260
615577
615896
616244
616564
616893
617209
617525
617849
618165
618492
618808
619123
619448
619767
620091
620404
620722
621045
621369
621684
622002
622393
622707
623031
623353
623679
623990
624307
624631
624990
625341
625653
625971
626290
626619
626931
627251
627573
627892
628221
628535
628859
629171
629493
629817
630129
630453
630774
631130
631450
631773
632099
632437
632760
633081
633435
633754
634099
634486
634801
635162
635490
635490
635803
636122
636443
636763
637085
637403
637723
638042
638360
638680
639006
639324
639656
639991
