-5  -5  -5  -5  -5  -5  -5  -5  -5  -5
-5  -5  -5  -5  -5  -5  -5  -5  -5  -5
-5  -5  -5  -5  -5  -5  -5  -5  -5  -5
-5  -5  -5  -5  -5  -5  -5  -5  -5  -5
-5  -5  -5  -5  -5  -5  -5  -5  -5  -5
-5  -5  -5  -5  -5  -5  -5  -5  -5  -5
-5  -5  -5  -5  -5  -5  -5  -5  -5  -5
-5  -5  -5  -5  -5  -5  -5  -5  -5  -5
-5  -5  -5  -5  -5  -5  -5  -5  -5  -5
-5  -5  -5  -5  -5  -5  -5  -5  -5  -5
-5  -5  -5  -5  -5  -5  -5  -5  -5  -5
-5  -5  -5  -5  -5  -5  -5  -5  -5  -5
-5  -5  -5  -5  -5  -5  -5  -5  -5  -5
-5  -5  -5  -5  -5  -5  -5  -5  -5  -5
-5  -5  -5  -5  -5  -5  -5  -5  -5  -5
-5  -5  -5  -5  -5  -5  -5  -5  -5  -5
-5  -5  -5  -5  -5  -5  -5  -5  -5  -5
-5  -5  -5  -5  -5  -5  -5  -5  -5  -5
-5  -5  -5  -5  -5  -5  -5  -5  -5  -5
-5  -5  -5  -5  -5  -5  -5  -5  -5  -5
-5  -5  -5  -5  -5  -5  -5  -5  -5  -5
-5  -5  -5  -5  -5  -5  -5  -5  -5  -5
-5  -5  -5  -5  -5  -5  -5  -5  -5  -5
-5  -5  -5  -5  -5  -5  -5  -5  -5  -5
-5  -5  -5  -5  -5  -5  -5  -5  -5  -5
-5  -5  -5  -5  -5  -5  -5  -5  -5  -5
-5  -5  -5  -5  -5  -5  -5  -5  -5  -5
-5  -5  -5  -5  -5  -5  -5  -5  -5  -5
-5  -5  -5  -5  -5  -5  -5  -5  -5  -5
-5  -5  -5  -5  -5  -5  -5  -5  -5  -5
-5  -5  -5  -5  -5  -5  -5  -5  -5  -5
-5  -5  -5  -5  -5  -5  -5  -5  -5  -5
-5  -5  -5  -5  -5  -5  -5  -5  -5  -5
-5  -5  -5  -5  -5  -5  -5  -5  -5  -5
-5  -5  -5  -5  -5  -5  -5  -5  -5  -5
-5  -5  -5  -5  -5  -5  -5  -5  -5  -5
-5  -5  -5  -5  -5  -5  -5  -5  -5  -5
-5  -5  -5  -5  -5  -5  -5  -5  -5  -5
-5  -5  -5  -5  -5  -5  -5  -5  -5  -5
-5  -5  -5  -5  -5  -5  -5  -5  -5  -5
-5  -5  -5  -5  -5  -5  -5  -5  -5  -5
-5  -5  -5  -5  -5  -5  -5  -5  -5  -5
-5  -5  -5  -5  -5  -5  -5  -5  -5  -5
-5  -5  -5  -5  -5  -5  -5  -5  -5  -5
-5  -5  -5  -5  -5  -5  -5  -5  -5  -5
-5  -5  -5  -5  -5  -5  -5  -5  -5  -5
-5  -5  -5  -5  -5  -5  -5  -5  -5  -5
-5  -5  -5  -5  -5  -5  -5  -5  -5  -5
-5  -5  -5  -5  -5  -5  -5  -5  -5  -5
-5  -5  -5  -5  -5  -5  -5  -5  -5  -5
-5  -5  -5  -5  -5  -5  -5  -5  -5  -5
-5  -5  -5  -5  -5  -5  -5  -5  -5  -5
-5  -5  -5  -5  -5  -5  -5  -5  -5  -5
-5  -5  -5  -5  -5  -5  -5  -5  -5  -5
-5  -5  -5  -5  -5  -5  -5  -5  -5  -5
-5  -5  -5  -5  -5  -5  -5  -5  -5  -5
-5  -5  -5  -5  -5  -5  -5  -5  -5  -5
-5  -5  -5  -5  -5  -5  -5  -5  -5  56
-5  -5  -5  -5  -5  -5  -5  -5  -5  56
-5  -5  -5  -5  -5  -5  -5  -5  -5  -5
-5  -5  -5  -5  -5  -5  -5  -5  -5  -5
-5  -5  -5  -5  57  340  -5  -5  -5  -5
-5  56  458  -5  -5  -5  -5  98  56  -5
-5  56  -5  -5  -5  -5  -5  -5  57  -5
-5  -5  -5  -5  -5  -5  57  -5  -5  -5
-5  -5  -5  -5  -5  -5  -5  -5  -5  -5
-5  -5  -5  -5  -5  -5  -5  -5  -5  -5
-5  -5  -5  -5  -5  -5  -5  -5  -5  -5
-5  -5  -5  -5  -5  -5  -5  -5  -5  -5
-5  -5  -5  -5  -5  -5  -5  -5  -5  -5
-5  -5  -5  -5  -5  -5  -5  -5  56  -5
-5  -5  -5  -5  -5  -5  -5  -5  -5  -5
-5  -5  -5  -5  -5  -5  -5  -5  -5  -5
-5  -5  -5  -5  -5  -5  -5  -5  220  -5
-5  -5  -5  -5  -5  -5  -5  -5  -5  56
-5  -5  -5  -5  -5  -5  -5  -5  -5  -5
-5  -5  -5  -5  -5  -5  -5  -5  57  -5
-5  -5  56  176  -5  -5  -5  -5  -5  -5
58  -5  -5  -5  -5  -5  -5  -5  -5  -5
-5  -5  -5  -5  -5  -5  -5  -5  79  300
-5  -5  -5  -5  -5  237  -5  -5  -5  260
-5  -5  -5  56  56  178  359  56  -5  58
-5  -5  -5  -5  -5  -5  258  -5  -5  256
138  -5  58  -5  -5  -5  -5  58  57  -5
-5  -5  -5  -5  -5  -5  -5  -5  58  -5
140  58  258  -5  59  -5  -5  216  378  -5
420  -5  -5  56  296  56  -5  56  -5  -5
399  319  -5  -5  359  298  340  -5  -5  458
338  357  -5  399  117  58  -5  336  378  479
319  199  -5  277  340  -5  159  317  -5  399
298  239  -5  317  -5  -5  418  380  399  -5
277  178  296  239  -5  -5  -5  380  357  237
258  -5  418  60  -5  216  -5  136  -5  -5
458  59  237  -5  -5  -5  -5  -5  117  378
380  359  -5  317  357  399  439  338  357  418
-5  -5  439  357  138  338  380  397  277  98
279  378  -5  218  296  439  279  380  399  338
277  319  296  319  399  378  -5  439  -5  298
336  378  357  -5  117  439  -5  399  340  460
-5  399  -5  397  -5  359  -5  460  319  357
479  -5  359  420  319  336  -5  -5  -5  439
-5  359  138  -5  279  439  460  357  380  -5
418  416  357  399  218  -5  439  -5  338  340
216  359  357  399  -5  378  380  357  239  378
-5  399  -5  378  338  380  359  357  359  180
420  399  399  479  239  338  399  -5  399  -5
399  -5  338  -5  380  399  300  340  439  -5
296  -5  -5  397  479  298  216  -5  239  258
279  420  300  380  359  399  -5  418  -5  178
338  420  338  317  460  -5  218  138  178  420
357  -5  298  500  296  357  199  237  380  357
277  237  359  357  460  256  359  277  479  -5
218  420  -5  -5  378  399  138  96  -5  437
338  437  418  397  458  336  439  378  479  258
317  399  58  420  338  479  -5  256  420  399
500  338  -5  460  399  397  460  317  420  -5
437  -5  340  59  300  420  439  378  380  399
437  279  277  216  500  298  157  420  178  376
399  -5  380  397  -5  359  378  157  418  397
-5  317  -5  399  -5  338  399  319  378  378
239  357  380  197  -5  319  260  399  399  437
380  298  399  380  378  460  340  338  -5  296
260  239  218  176  479  317  338  376  298  -5
296  500  317  197  317  357  -5  296  437  359
460  -5  239  439  458  460  239  340  460  298
420  -5  479  300  439  359  420  378  298  338
378  378  399  319  340  399  359  420  -5  399
357  500  -5  378  298  300  399  460  -5  260
359  317  298  237  -5  500  460  300  439  357
378  -5  380  -5  319  418  338  -5  420  500
340  279  239  359  460  399  420  420  -5  338
460  319  479  296  460  -5  399  300  359  300
439  277  340  378  460  -5  439  357  479  439
460  418  418  378  418  437  -5  258  378  420
300  420  -5  460  239  359  -5  479  256  479
437  380  418  418  460  418  479  300  420  359
420  420  -5  500  460  420  479  380  420  359
420  458  300  439  420  380  378  458  500  338
500  378  479  418  418  -5  420  458  -5  397
380  319  380  378  357  -5  420  359  376  460
420  359  399  -5  380  399  317  439  399  376
460  359  378  338  460  479  -5  260  -5  359
397  500  378  399  258  460  439  460  399  319
439  359  479  399  -5  418  460  420  319  399
420  479  357  397  359  500  460  256  420  397
439  338  378  439  340  380  378  479  260  420
500  460  359  -5  500  256  500  -5  500  380
420  479  439  399  378  298  378  359  -5  399
479  -5  460  399  397  319  -5  300  460  399
380  -5  460  437  418  439  399  418  460  258
380  397  420  317  -5  420  418  460  399  439
418  378  317  399  458  439  319  397  439  300
237  -5  500  458  378  420  458  -5  420  378
479  -5  460  -5  418  359  338  500  439  479
439  -5  500  500  460  340  500  277  479  298
418  460  399  479  -5  359  460  -5  500  359
439  439  439  460  420  418  458  460  359  479
340  380  176  500  439  340  397  439  -5  378
420  399  340  479  -5  460  298  479  260  458
500  399  359  460  338  439  458  399  336  418
420  -5  460  180  -5  418  359  -5  500  439
359  439  319  298  298  479  340  439  420  359
420  500  479  399  500  460  500  399  458  378
439  277  359  399  317  439  357  380  399  340
399  460  319  439  460  418  399  378  420  420
399  460  277  420  420  479  380  279  439  460
500  359  399  500  439  479  418  439  359  458
479  460  418  439  500  479  500  420  399  458
359  439  500  380  399  479  359  319  500  399
258  399  460  439  460  378  399  460  420  500
500  460  460  378  399  420  500  500  378  500
500  298  338  378  439  500  439  199  479  479
399  460  479  277  380  479  500  420  500  500
500  500  439  460  359  479  460  359  439  460
458  380  399  340  399  439  340  500  359  380
460  439  420  479  460  500  420  500  420  439
340  460  359  439  420  399  500  439  479  418
479  378  460  439  380  460  298  500  -5  439
460  500  458  -5  420  460  380  439  439  500
439  460  439  439  399  460  500  500  399  479
380  500  500  319  460  439  380  420  420  418
380  420  359  439  500  460  479  460  458  399
439  420  439  439  500  500  460  500  378  420
420  460  420  460  460  458  357  359  418  500
500  338  359  500  439  380  420  418  500  378
420  439  59  317  58  180  59  298  180  -5
60  159  178  218  460  57  58  60  57  100
58  178  460  57  59  277  159  59  60  300
59  60  399  180  59  57  59  60  -5  239
439  59  239  439  279  178  57  239  -5  57
59  439  359  59  220  319  -5  277  300  260
57  359  220  319  420  79  59  100  59  59
439  378  399  260  260  460  119  60  58  59
380  460  319  479  479  58  180  460  260  218
159  119  -5  79  59  199  -5  199  340  -5
199  58  60  380  420  59  159  57  380  56
380  420  279  180  319  159  220  359  458  420
180  60  237  220  460  60  439  319  380  57
220  58  -5  340  380  399  140  60  59  -5
79  58  140  -5  59  -5  199  239  138  340
439  300  260  79  58  -5  340  319  59  98
298  60  180  59  199  420  260  119  -5  460
180  60  79  460  439  300  439  58  59  60
59  140  58  500  279  57  -5  300  380  460
338  -5  460  479  439  298  500  500  439  500
418  460  479  460  439  439  399  500  439  378
460  460  340  420  340  -5  479  399  359  399
399  399  420  500  420  500  420  500  399  479
460  479  420  500  460  420  418  458  500  460
458  439  399  479  380  399  479  458  418  378
460  357  500  338  460  439  500  460  338  439
479  380  439  319  479  458  479  420  439  397
439  439  420  439  460  500  437  378  458  -5
460  399  479  479  479  479  437  479  458  458
500  418  380  500  460  460  239  479  460  418
439  420  460  479  420  420  439  479  479  399
460  420  500  399  380  479  500  439  479  439
460  460  439  479  317  500  460  500  439  479
460  458  500  500  500  380  418  500  319  380
458  500  479  378  439  500  500  437  458  380
460  479  357  439  458  418  479  500  399  439
500  500  399  479  359  418  399  439  500  460
479  458  460  439  420  300  359  380  479  439
376  479  439  500  479  439  437  420  420  439
458  439  420  458  479  439  500  418  460  458
500  399  357  479  340  418  420  418  500  500
479  460  500  338  460  460  479  420  418  418
420  458  479  399  420  460  479  418  460  460
479  460  460  460  420  380  458  460  378  500
500  500  439  460  418  420  418  439  460  439
319  500  458  399  460  418  458  500  418  479
-5  380  439  479  439  460  420  460  460  420
500  460  479  439  460  500  420  439  420  380
460  500  500  399  359  359  460  460  500  479
439  460  479  458  399  420  420  399  357  439
460  500  439  460  460  500  460  277  399  418
439  500  319  420  397  479  399  420  460  420
479  500  399  418  340  439  439  458  500  479
420  460  338  420  420  460  399  437  500  -5
399  319  500  359  479  479  500  399  500  460
380  418  340  420  500  479  479  460  479  460
479  340  500  460  258  418  500  458  378  500
380  500  479  439  439  439  500  460  500  500
439  399  380  439  399  500  460  479  460  420
500  500  460  439  439  319  399  359  460  500
479  460  420  420  359  460  500  359  420  460
376  420  260  460  460  357  479  439  460  479
460  460  439  420  340  439  437  -5  357  500
460  460  460  458  439  479  380  460  298  460
420  500  378  439  317  500  420  500  378  500
479  -5  460  439  319  460  418  -5  460  380
500  -5  479  420  460  439  420  418  340  397
-5  460  380  460  439  439  479  439  439  418
380  479  420  399  500  397  460  460  420  399
418  359  500  500  399  439  359  380  479  420
458  -5  -5  378  500  479  500  336  420  439
479  420  500  279  460  338  439  380  479  479
460  418  420  460  380  500  -5  460  136  420
378  319  418  439  479  500  500  399  479  458
460  458  500  439  338  500  239  439  500  500
439  479  380  -5  458  500  378  460  359  460
460  319  439  460  439  420  500  420  460  420
500  460  378  500  460  439  500  420  460  500
420  439  439  460  500  500  420  458  460  458
336  439  378  460  460  479  420  460  458  380
460  420  359  378  439  420  418  458  500  439
479  359  380  458  500  418  399  420  500  439
420  439  500  500  500  420  460  500  416  439
479  460  460  380  479  460  399  479  460  -5
399  439  460  460  500  439  -5  500  399  418
399  500  420  -5  460  458  479  -5  380  399
340  359  439  420  500  439  439  460  439  378
460  -5  380  -5  338  340  439  500  439  479
479  460  378  458  500  418  359  439  460  500
500  479  479  479  479  439  500  460  317  460
460  399  439  439  380  -5  359  460  460  479
500  460  357  378  397  317  420  500  460  420
378  500  479  460  439  -5  439  439  460  420
460  380  418  399  460  479  397  399  500  460
338  460  338  -5  359  -5  500  460  500  420
399  500  460  479  500  460  359  376  458  420
500  439  460  500  460  460  420  437  460  -5
437  500  380  460  399  500  458  460  439  460
439  439  298  359  418  439  378  380  338  500
420  460  -5  500  460  439  479  500  399  420
340  420  500  319  397  380  -5  460  479  -5
439  439  439  439  479  420  460  338  338  439
479  420  500  399  439  479  378  338  460  359
380  -5  378  460  460  500  500  338  500  439
500  439  479  500  439  378  460  500  380  460
460  460  460  359  439  479  439  357  458  338
420  500  420  460  460  479  500  439  500  420
460  500  296  399  380  500  420  439  500  458
399  500  237  338  479  500  439  460  479  380
479  420  479  500  460  439  399  380  500  479
418  500  -5  458  439  418  479  378  420  460
460  500  460  359  380  460  399  479  458  439
439  420  458  460  500  399  399  479  479  500
500  460  319  399  397  500  460  439  479  420
399  460  338  479  500  439  500  359  420  378
439  500  380  460  500  460  439  479  500  -5
460  439  460  -5  500  460  500  500  500  500
479  439  319  500  479  479  -5  437  359  460
460  439  460  420  439  460  500  420  500  420
460  418  500  460  378  460  439  460  479  458
500  458  479  -5  460  479  479  500  420  420
378  500  378  420  416  420  500  460  460  479
376  418  359  439  500  479  460  399  420  479
458  437  338  420  380  439  460  439  500  500
439  500  439  460  500  399  439  479  460  298
479  460  500  458  420  458  479  -5  439  439
418  479  439  380  500  338  500  399  420  460
458  500  -5  300  399  420  460  319  500  399
460  500  460  338  460  500  -5  300  378  479
378  439  399  380  460  500  420  500  500  298
439  397  479  460  437  479  460  359  397  439
420  479  439  397  460  399  479  357  500  460
437  479  418  -5  420  399  399  319  418  500
-5  439  420  439  460  399  479  -5  420  397
380  420  460  439  399  420  378  338  500  460
439  439  479  460  397  460  439  458  357  420
298  359  359  460  340  399  460  420  479  340
460  378  500  479  420  418  399  479  439  500
460  479  -5  420  500  479  460  479  340  500
439  378  378  338  420  319  460  500  437  460
357  418  420  439  460  418  319  460  460  298
479  439  460  439  479  439  418  460  420  359
458  460  380  420  500  -5  500  500  399  340
460  479  279  -5  458  420  380  500  458  399
460  460  437  500  500  479  439  500  439  380
458  437  378  500  500  479  439  439  399  399
500  479  420  460  380  460  439  418  300  460
458  479  460  437  460  439  420  500  479  420
439  420  338  399  460  220  439  397  460  439
-5  399  479  319  460  380  399  418  460  500
500  397  439  479  338  460  439  500  199  317
460  479  376  420  500  460  380  418  500  399
479  420  -5  460  380  420  317  500  -5  319
460  460  479  500  437  319  420  500  479  500
378  420  -5  397  458  479  359  378  479  399
460  420  479  359  439  357  458  378  460  479
458  479  500  420  500  380  -5  460  458  500
458  500  439  420  460  359  399  460  420  439
119  -5  60  98  -5  378  180  239  138  460
159  159  340  199  159  -5  260  58  59  260
-5  59  58  279  439  140  340  340  140  220
380  159  319  460  378  218  500  199  298  57
239  59  399  479  317  140  239  57  300  300
59  460  399  439  378  420  439  500  399  458
260  479  199  378  439  479  340  479  460  380
439  500  460  460  338  420  420  399  458  460
500  460  357  439  418  479  479  460  500  479
420  500  479  418  460  439  500  439  437  439
359  380  -5  500  479  359  378  218  420  380
458  399  439  378  439  399  439  439  439  460
399  439  460  -5  460  458  479  399  460  479
420  439  399  458  420  399  378  437  439  458
439  500  460  439  500  418  -5  420  460  500
460  399  59  420  460  460  479  500  500  439
500  500  479  380  399  418  420  439  319  378
399  458  460  -5  500  460  500  439  479  439
359  500  500  420  420  418  460  420  479  500
479  460  439  500  500  500  500  500  180  460
338  479  439  399  460  378  439  399  380  439
458  317  460  416  500  420  439  479  380  460
399  479  397  399  460  439  460  420  479  439
458  439  460  357  500  500  420  458  420  458
500  420  460  420  500  439  298  380  500  340
500  439  460  418  460  300  460  420  460  439
380  460  500  376  420  460  378  460  500  460
460  479  340  500  460  418  380  439  439  500
437  479  460  460  458  500  439  418  500  380
460  460  378  500  399  319  460  458  479  500
460  399  500  340  439  420  319  399  399  439
500  380  500  500  439  439  460  418  439  500
479  -5  479  279  458  458  500  500  420  479
460  500  460  460  380  420  460  500  460  460
420  378  460  500  420  439  458  380  399  376
479  500  460  458  500  437  439  380  458  439
479  439  420  418  420  500  500  380  -5  500
460  460  500  439  420  460  420  420  479  479
500  439  -5  319  399  439  439  479  420  500
500  500  418  380  460  458  500  420  458  439
418  439  439  418  399  460  -5  439  378  458
500  380  460  500  439  439  460  479  500  458
479  399  340  -5  -5  439  399  460  460  380
500  460  420  460  420  397  460  460  439  418
-5  500  399  500  418  460  500  420  399  399
460  418  378  500  -5  359  439  500  439  378
399  -5  399  500  439  500  359  460  420  460
420  357  218  340  479  418  -5  357  460  380
460  418  340  378  397  -5  437  -5  460  500
500  458  460  338  -5  500  359  479  380  460
399  479  258  479  420  479  399  420  460  399
399  399  500  500  439  338  479  -5  338  -5
-5  399  458  458  420  439  479  399  460  376
418  380  479  359  420  439  439  -5  399  418
460  399  420  380  380  418  500  458  500  479
479  420  460  460  439  460  479  439  500  500
500  397  458  279  378  380  500  500  500  420
500  460  458  479  420  376  420  500  460  460
479  500  340  460  380  380  500  420  399  479
399  359  420  357  460  479  479  420  420  439
479  479  439  279  500  340  460  479  418  359
500  460  460  500  399  420  439  479  378  397
458  -5  439  460  439  418  439  399  420  460
439  420  399  399  458  458  500  399  460  500
418  479  479  479  479  500  380  420  439  479
439  460  378  -5  59  340  500  378  479  376
500  420  399  500  380  458  479  399  500  500
359  479  460  59  399  359  460  338  460  418
460  500  340  460  420  380  420  479  439  420
460  479  500  479  460  420  439  397  500  420
439  479  399  420  460  460  460  458  460  500
479  479  359  479  500  460  378  479  399  439
437  418  458  439  439  460  460  479  359  460
479  439  458  418  439  357  500  399  460  460
399  460  439  460  460  460  458  439  420  298
418  357  420  500  380  399  500  399  479  437
479  500  418  319  460  420  479  439  500  460
439  439  500  479  -5  500  479  500  359  479
418  500  500  500  399  199  420  458  420  420
399  439  380  -5  399  418  376  460  479  500
319  439  380  439  380  60  460  460  420  458
460  500  380  420  460  418  479  500  420  479
359  479  216  460  500  460  380  439  399  418
420  376  500  437  380  418  460  338  479  -5
458  500  420  420  460  -5  380  458  420  380
420  380  420  416  460  479  380  399  500  420
420  420  460  460  460  399  319  397  458  479
338  460  319  479  340  500  380  460  460  500
500  418  479  359  460  -5  -5  479  500  -5
479  378  439  380  460  500  277  418  420  420
380  500  420  500  319  500  460  500  479  500
460  420  460  500  460  460  359  439  500  420
460  399  439  399  460  380  -5  479  479  420
458  420  479  439  -5  439  479  460  418  500
340  437  359  340  420  460  420  479  380  479
458  479  439  479  399  500  439  479  420  500
418  460  420  359  420  500  357  420  399  479
380  460  298  -5  479  319  500  439  418  500
399  420  479  439  319  479  439  338  418  300
460  300  460  420  399  500  460  479  439  479
418  338  439  479  439  500  397  439  420  479
418  319  399  460  420  479  500  460  479  460
359  460  399  500  500  460  500  500  420  458
458  298  418  439  397  439  460  357  460  420
439  500  479  479  420  359  500  460  500  399
500  397  460  460  460  479  359  500  460  338
340  479  479  317  500  359  500  460  500  479
500  420  418  479  380  460  479  399  399  460
460  460  500  359  439  380  439  380  479  420
380  378  418  399  439  500  460  458  479  458
458  479  199  500  399  460  376  420  437  460
439  479  399  500  399  500  439  199  479  460
359  479  439  -5  500  437  397  460  418  500
399  460  460  479  378  -5  399  378  420  460
500  359  460  378  439  317  380  479  479  500
439  359  418  500  397  418  399  340  439  479
460  500  479  239  500  500  479  420  460  399
380  479  397  418  380  418  500  460  359  359
319  420  479  460  500  460  479  460  479  378
340  439  300  439  439  500  -5  500  319  418
460  420  380  439  399  479  420  460  460  479
418  300  399  439  439  376  319  399  460  420
479  500  399  458  439  378  420  399  500  439
479  479  357  479  500  418  439  439  397  420
500  500  399  500  397  380  418  460  420  380
460  500  460  460  460  460  437  439  460  460
500  460  500  460  420  420  458  397  319  317
458  439  359  380  500  479  500  460  420  418
319  399  458  420  500  439  500  479  418  437
399  397  460  460  500  420  460  439  420  380
479  258  500  439  380  479  500  439  380  479
460  460  -5  420  399  439  500  399  479  460
458  439  500  378  460  359  439  439  336  437
439  420  439  460  397  399  479  458  338  460
439  420  380  380  460  500  500  439  279  458
458  359  460  458  500  439  439  399  439  439
399  380  420  500  439  399  479  460  460  380
378  439  460  418  439  338  460  479  380  460
399  460  479  479  479  399  418  378  500  359
378  420  500  439  500  458  460  319  319  418
-5  460  460  418  460  380  460  479  460  500
420  439  399  460  420  479  479  479  420  460
380  500  460  359  500  500  479  399  380  460
399  479  460  340  338  420  479  479  420  500
500  439  439  500  479  460  439  300  260  420
359  397  500  439  359  460  439  439  460  420
479  479  399  460  458  460  359  420  380  418
338  418  439  458  500  57  439  140  420  319
58  239  380  420  319  460  159  460  60  60
199  58  260  279  460  357  60  59  378  399
59  59  58  140  58  378  397  500  458  359
500  439  439  460  420  460  479  418  418  460
458  479  420  439  380  378  399  460  500  460
420  418  500  479  418  479  340  420  418  460
439  500  458  420  418  460  359  420  439  399
420  500  418  500  420  500  479  399  439  479
479  439  460  460  439  418  378  460  399  420
479  479  399  479  418  460  399  380  439  460
399  458  458  460  479  380  380  460  460  418
500  399  460  380  357  460  500  460  399  479
437  439  359  500  418  500  479  439  458  399
439  500  380  380  418  -5  439  399  500  500
-5  359  500  460  380  359  437  500  399  460
500  -5  418  420  399  418  399  500  439  460
380  418  500  399  479  359  380  500  439  338
-5  380  439  399  500  376  500  420  500  420
500  479  380  500  460  399  460  500  460  -5
439  439  460  460  -5  439  -5  460  479  460
439  378  500  380  460  460  420  420  500  420
460  420  399  479  258  500  479  500  460  399
399  460  500  460  439  500  460  460  376  -5
460  399  460  298  399  458  380  458  340  399
418  399  500  500  460  439  239  418  439  439
460  460  500  500  479  338  -5  439  479  460
479  460  460  460  460  439  439  378  500  -5
460  420  500  460  418  359  479  479  460  418
336  460  500  317  336  399  439  399  479  -5
376  439  397  420  420  420  500  439  437  500
479  418  439  460  460  -5  460  439  500  500
458  418  458  458  460  380  439  460  380  500
460  378  439  439  439  500  439  500  460  460
500  439  500  500  500  500  439  479  460  399
439  500  500  500  359  500  420  378  260  479
479  500  460  359  399  420  500  -5  458  439
359  460  479  380  500  439  380  420  420  380
439  460  500  420  439  399  460  458  338  399
439  378  439  378  439  376  439  460  439  420
500  399  500  420  359  500  380  338  500  479
338  439  399  399  500  399  500  460  500  479
500  397  380  460  460  359  460  460  500  418
418  458  500  439  460  298  460  418  -5  460
460  420  -5  -5  420  399  458  460  460  380
418  359  -5  460  420  439  500  479  460  439
-5  -5  479  439  479  500  500  460  380  376
500  258  479  500  357  359  500  479  460  380
-5  460  378  380  500  460  359  500  500  460
460  357  376  418  439  420  500  420  500  298
399  439  439  -5  397  460  460  460  338  460
359  479  420  460  500  500  359  336  500  439
399  399  500  458  460  378  420  378  500  -5
-5  378  420  439  500  460  500  380  378  458
439  500  -5  439  439  479  399  399  418  439
399  420  420  439  500  458  378  -5  500  500
479  479  -5  460  399  500  380  500  420  317
460  460  319  500  500  397  439  479  439  439
420  500  420  460  460  439  399  458  460  418
479  439  380  500  420  439  420  500  399  420
418  -5  479  500  420  420  500  460  439  479
420  359  317  220  439  399  460  500  458  380
357  439  500  418  479  500  479  460  460  479
420  479  439  460  57  500  500  418  399  439
460  460  420  500  500  479  -5  460  460  500
458  500  479  420  418  317  399  460  439  500
380  298  500  460  460  460  460  460  399  439
460  479  380  437  439  418  340  460  338  479
460  460  420  380  500  418  500  418  418  359
460  479  500  439  479  500  420  439  460  -5
420  420  399  416  359  460  500  420  460  439
439  460  460  359  460  479  399  338  479  439
500  479  378  420  439  420  500  -5  460  460
420  -5  500  378  460  500  500  479  439  460
460  420  340  460  479  460  397  399  460  479
439  479  -5  359  340  439  376  378  500  458
439  479  458  418  399  399  420  359  479  460
479  460  439  460  460  359  460  439  418  460
439  338  420  319  479  460  418  359  -5  439
439  479  338  399  357  397  359  458  500  418
479  439  500  439  479  378  500  380  439  418
279  479  460  399  500  500  460  378  458  479
359  418  399  420  378  420  359  460  418  500
500  479  460  500  378  460  420  439  439  399
460  399  380  420  359  500  460  479  439  -5
420  500  500  420  439  359  500  460  420  479
458  460  439  479  439  460  439  420  380  439
460  479  420  479  500  378  500  420  399  500
380  460  420  338  479  439  357  -5  458  439
500  460  500  380  420  500  420  420  380  500
500  500  460  479  420  -5  359  500  439  420
479  460  500  420  418  479  439  359  500  439
420  378  500  -5  439  376  420  437  380  -5
380  460  500  500  380  479  380  338  359  460
460  300  500  418  418  500  380  378  500  460
458  399  -5  279  500  458  399  500  460  460
-5  479  439  460  460  460  420  460  420  460
399  460  460  380  397  460  420  460  439  479
460  460  418  500  460  500  399  439  439  380
460  420  380  460  399  500  439  500  479  500
500  418  460  -5  420  439  399  460  460  420
439  380  460  380  -5  460  340  420  380  479
439  378  399  500  439  420  439  418  460  479
439  500  460  376  479  418  460  399  500  500
460  500  500  500  418  439  60  378  500  500
418  460  500  420  460  279  420  420  460  378
399  460  458  439  460  458  420  500  500  458
336  460  500  420  359  437  399  359  460  399
420  460  399  500  479  418  460  500  460  479
439  479  460  420  500  500  479  378  -5  460
319  500  -5  340  -5  458  439  340  279  420
460  439  397  420  420  479  460  -5  258  380
439  359  439  458  439  439  460  418  439  500
479  460  500  378  479  500  380  357  439  460
458  420  420  479  378  420  460  500  500  359
439  439  420  340  479  500  420  336  500  -5
479  437  439  460  340  479  439  458  418  500
500  460  378  399  500  458  460  460  418  399
458  439  460  399  460  439  399  378  479  399
420  500  317  399  357  317  420  479  460  439
418  460  399  460  460  319  439  460  460  399
500  439  380  460  399  460  399  420  479  439
359  460  500  500  460  418  380  479  359  479
500  479  500  397  399  418  439  439  420  439
420  380  -5  138  460  420  437  458  460  500
439  460  458  458  439  500  439  479  500  380
378  439  439  399  460  479  458  399  500  479
460  378  479  460  500  500  420  439  418  458
500  380  460  359  458  460  500  479  479  500
500  418  500  460  460  460  500  460  418  500
420  338  418  420  460  437  479  460  378  437
359  418  460  399  378  460  420  399  -5  420
479  500  500  378  420  378  479  500  439  460
500  460  460  420  298  479  380  399  418  500
460  479  460  460  439  439  460  -5  399  460
399  500  380  420  479  338  460  439  439  418
439  439  500  460  439  460  460  399  500  479
399  439  439  296  458  -5  376  439  439  397
479  -5  397  500  -5  399  378  380  500  500
500  479  439  460  479  479  399  420  500  460
479  479  500  420  418  500  -5  380  460  500
420  439  460  439  439  -5  420  399  340  439
460  479  399  399  420  420  500  -5  -5  479
420  458  460  378  460  500  439  439  460  380
-5  380  460  460  380  500  300  460  460  479
479  479  439  439  500  399  359  458  460  378
479  460  460  -5  298  420  500  460  479  439
439  439  479  439  397  437  439  500  340  300
500  460  458  338  500  500  460  359  420  418
439  460  439  500  399  460  359  500  399  479
420  460  458  458  439  458  460  500  399  500
418  359  460  479  317  500  500  439  479  479
319  500  -5  460  376  418  399  439  340  479
479  420  460  500  420  460  500  340  439  359
378  357  397  439  380  458  399  420  359  399
479  460  500  479  357  460  380  479  380  380
-5  479  500  439  420  458  500  378  399  460
479  500  397  420  460  500  500  460  340  460
300  420  479  458  479  479  500  418  460  420
420  380  460  460  380  300  -5  420  376  460
439  397  319  418  378  420  479  500  460  439
420  460  479  420  500  439  460  460  460  279
479  420  500  397  460  418  460  458  439  378
420  460  460  380  458  378  479  460  319  460
500  399  -5  439  458  479  300  460  418  439
420  399  439  420  500  420  420  420  458  439
479  357  380  460  500  439  500  460  359  479
460  378  420  418  397  340  399  439  399  420
479  460  460  378  479  460  460  500  359  479
418  479  458  479  500  460  359  500  460  420
500  359  500  418  439  439  479  380  479  418
460  378  399  500  420  380  420  317  439  -5
338  460  340  420  418  460  500  420  359  460
500  460  439  500  399  420  500  378  420  460
458  439  439  340  460  479  439  458  500  319
500  319  500  500  500  458  460  399  439  500
460  500  500  500  399  458  460  460  -5  500
500  500  458  439  460  458  418  359  420  399
500  479  -5  439  279  500  500  -5  418  439
359  479  500  460  260  500  439  420  479  439
-5  359  500  479  359  418  500  460  458  500
338  460  500  460  399  479  460  500  418  479
399  460  418  479  460  420  399  439  500  399
479  439  500  500  439  460  420  420  340  479
500  500  258  479  420  500  460  399  420  258
500  479  439  479  460  359  380  439  479  420
460  479  338  319  420  399  378  460  500  479
420  460  460  300  500  500  458  460  399  479
439  500  479  300  399  399  399  479  500  399
338  479  458  439  437  439  399  -5  460  397
439  479  399  460  420  437  420  458  -5  500
500  458  500  439  420  378  378  338  399  479
378  420  399  376  -5  -5  319  460  460  500
380  500  437  500  420  479  500  500  479  479
380  460  418  500  378  420  418  500  439  399
500  500  500  420  -5  460  479  380  500  479
418  500  479  458  359  458  479  420  479  460
357  458  500  359  439  460  319  420  500  60
58  239  79  138  420  460  300  439  58  258
59  359  59  279  380  338  420  239  159  57
500  57  58  58  479  399  58  58  260  237
199  239  56  58  340  420  180  340  279  57
59  260  58  59  180  260  60  140  399  260
460  140  79  59  60  279  57  56  380  79
58  300  140  60  279  359  399  500  460  399
460  378  376  460  500  500  479  439  500  458
460  500  439  479  460  439  460  460  458  -5
439  500  500  460  -5  399  418  479  458  500
460  460  439  479  479  458  420  479  500  460
460  460  420  500  376  500  439  460  460  500
-5  378  380  500  439  479  279  458  458  439
380  460  -5  340  458  439  479  500  399  -5
378  418  479  500  420  399  458  420  479  439
-5  -5  479  460  338  359  -5  359  500  479
460  399  399  479  -5  -5  460  399  439  420
439  399  500  458  439  340  359  418  399  500
439  378  300  420  500  458  380  399  399  439
460  399  500  418  460  460  399  420  359  420
357  357  479  500  500  380  399  418  500  479
338  460  479  460  -5  340  380  420  439  460
338  420  460  439  479  416  460  439  300  500
437  420  378  399  479  -5  -5  439  399  500
418  500  378  -5  439  420  439  500  439  359
420  399  359  399  460  460  460  439  500  420
439  420  418  460  418  460  458  359  359  460
500  420  418  277  500  500  460  399  479  420
420  399  460  319  439  439  439  460  420  439
439  500  380  397  500  378  458  460  399  437
380  380  439  460  439  338  420  -5  500  418
458  458  439  500  439  378  458  460  380  420
418  397  460  439  458  420  439  -5  439  437
357  479  458  500  500  -5  439  500  458  458
-5  399  479  500  378  439  500  479  -5  479
399  399  439  479  479  500  439  338  500  460
479  -5  479  479  460  460  479  -5  500  380
420  500  479  460  500  500  -5  397  479  418
439  -5  460  460  418  -5  479  340  439  380
460  420  479  458  460  479  418  -5  336  -5
338  399  500  458  317  439  460  479  439  399
420  500  460  420  -5  340  397  500  460  376
479  460  -5  500  500  437  277  500  439  460
-5  439  500  460  340  399  458  399  460  479
439  437  -5  420  460  458  500  -5  479  460
439  416  439  300  479  479  500  397  460  500
399  -5  500  380  -5  -5  479  479  460  479
380  500  -5  338  500  -5  458  439  380  357
-5  380  -5  500  460  458  359  500  418  458
359  439  500  460  460  397  460  359  500  378
500  420  479  460  439  -5  500  338  378  500
439  479  460  479  500  -5  460  460  380  420
500  500  380  -5  420  458  500  420  479  -5
439  439  500  460  439  500  418  380  460  437
380  500  397  418  479  -5  479  399  399  500
-5  460  500  500  500  500  500  500  -5  479
319  420  500  437  397  439  439  500  500  458
439  460  500  479  458  439  500  500  458  500
460  479  399  397  357  -5  399  479  418  460
439  359  500  460  460  460  420  500  420  439
460  399  500  500  500  479  500  460  460  479
479  439  376  460  460  479  380  -5  439  298
460  500  439  460  420  298  420  439  479  -5
479  500  359  357  399  420  479  500  378  500
479  -5  420  -5  500  460  378  460  500  -5
418  500  380  -5  418  420  376  460  500  460
-5  439  420  439  378  460  420  460  399  500
460  460  439  437  500  340  380  399  479  439
359  439  500  -5  420  479  58  439  420  336
460  -5  418  439  399  439  479  479  -5  -5
-5  420  479  460  420  479  439  -5  420  479
420  397  479  479  500  460  439  439  338  479
399  458  479  340  298  418  399  479  500  460
458  418  500  460  460  500  460  458  439  460
500  380  500  500  460  460  458  500  460  460
460  479  479  500  500  479  500  340  397  -5
-5  500  399  500  439  399  479  500  439  380
500  479  460  500  418  439  500  -5  439  479
460  -5  500  359  500  439  399  418  479  420
460  500  340  500  399  500  -5  460  458  357
420  460  460  460  439  460  420  479  500  479
500  458  420  458  500  359  380  399  460  500
500  338  378  359  458  460  458  458  460  500
500  500  500  458  380  500  500  298  -5  319
458  -5  420  458  340  460  418  439  338  500
420  500  359  340  500  479  479  479  399  460
500  439  460  460  380  500  439  500  359  460
399  479  -5  -5  458  458  399  460  418  500
298  500  500  380  500  359  460  500  -5  397
460  460  500  479  460  420  458  399  460  338
460  460  439  420  420  439  479  500  420  458
439  420  399  479  340  -5  420  439  418  420
460  500  399  378  359  500  500  458  460  479
418  418  439  500  479  458  319  460  277  439
460  277  460  279  439  418  500  460  439  500
399  439  458  460  458  439  460  437  479  439
460  460  439  500  399  418  500  460  479  -5
420  479  378  479  460  260  479  479  479  359
420  460  418  439  460  319  479  319  399  399
-5  479  460  -5  439  378  500  319  399  500
439  439  479  439  460  479  439  479  479  79
-5  460  439  500  420  479  380  479  418  460
439  420  460  500  479  317  479  479  500  399
399  500  500  460  460  338  460  458  500  500
420  420  500  460  458  340  439  -5  458  420
460  460  359  460  500  479  -5  420  317  460
439  479  479  439  439  458  340  418  -5  357
458  479  479  460  -5  500  420  -5  458  279
460  479  500  500  500  500  460  439  -5  460
500  279  -5  500  500  500  399  439  500  399
460  418  458  338  500  500  479  439  439  439
399  420  439  437  500  -5  420  460  399  439
399  460  479  340  500  500  439  -5  500  500
380  460  439  479  479  359  460  460  460  500
439  460  479  479  479  460  500  500  378  460
-5  479  460  458  500  500  439  479  439  399
460  500  460  380  298  479  460  458  418  479
418  479  479  439  437  479  460  378  500  460
357  500  479  380  500  420  378  500  420  500
460  479  340  460  439  479  460  500  317  500
458  460  460  439  359  437  399  380  399  479
378  479  420  460  439  439  319  439  460  380
399  479  500  279  420  460  500  359  437  500
460  -5  479  420  460  458  380  458  460  378
460  -5  500  397  500  418  460  439  500  500
439  479  500  -5  -5  460  399  439  399  460
439  439  500  460  340  479  479  378  479  500
319  460  460  479  437  479  500  420  439  -5
439  399  479  359  439  -5  380  460  439  420
439  399  500  399  279  279  479  500  479  399
439  -5  439  399  500  437  418  317  500  458
380  380  378  340  479  460  500  458  359  420
458  420  460  479  420  500  460  -5  500  -5
500  479  479  500  420  -5  460  439  420  500
418  460  -5  399  399  500  399  -5  500  500
460  380  479  378  460  380  460  479  479  458
458  439  460  -5  479  -5  340  479  479  460
399  340  439  439  500  460  460  399  460  439
500  458  -5  458  380  359  500  500  500  340
298  439  500  460  479  399  378  -5  420  460
479  460  399  418  340  460  500  399  399  418
460  319  439  479  479  460  479  500  460  460
439  359  479  500  439  399  418  500  479  418
418  460  399  418  439  -5  -5  439  319  500
458  420  420  460  458  -5  479  500  359  -5
340  479  -5  460  500  500  439  460  439  500
460  500  460  296  399  380  479  479  399  479
460  479  460  500  479  460  380  460  500  359
418  458  500  -5  500  500  399  458  479  -5
500  397  418  479  378  359  439  460  -5  -5
-5  460  479  439  460  439  378  380  439  340
460  380  399  439  399  359  437  460  479  460
399  479  500  439  458  -5  399  378  460  357
500  439  418  399  500  458  439  500  378  479
500  439  378  340  380  460  500  460  479  479
-5  -5  479  418  439  397  460  399  479  399
458  460  460  479  439  458  -5  439  420  479
420  500  479  357  399  500  359  439  -5  359
378  -5  -5  439  500  460  378  418  399  500
439  458  500  439  479  439  416  420  479  479
460  500  458  479  399  439  420  -5  418  500
479  416  418  399  500  500  317  437  460  439
420  439  397  380  460  500  500  418  460  -5
399  -5  -5  239  500  500  460  460  418  460
458  439  420  460  500  359  479  479  -5  479
460  418  439  397  500  359  418  378  500  380
500  -5  298  399  319  460  479  500  479  420
399  500  397  460  399  500  378  420  420  500
437  380  500  439  479  357  378  500  439  500
439  479  380  479  460  439  359  420  317  460
319  439  479  500  500  500  439  420  500  500
460  420  397  319  500  500  460  500  399  439
279  439  458  380  458  -5  439  479  -5  59
378  420  439  460  397  460  479  460  420  500
460  500  460  399  460  479  500  -5  420  359
500  460  460  319  500  500  399  479  460  479
317  439  399  420  439  420  479  500  420  359
439  418  458  460  500  500  460  500  460  420
439  460  418  479  338  460  399  500  439  -5
378  460  458  439  460  420  500  420  460  420
500  458  479  279  479  399  418  439  399  420
418  397  418  -5  418  420  458  418  -5  359
479  439  500  378  418  418  500  378  458  399
500  479  500  460  500  458  460  359  500  399
460  460  500  479  460  500  397  399  378  420
420  460  418  460  439  399  420  397  460  -5
500  479  500  479  218  500  479  500  420  479
479  399  460  420  500  460  340  -5  380  319
458  -5  439  500  500  380  340  399  420  479
460  418  460  420  500  418  420  399  399  500
500  460  378  279  460  500  479  460  420  439
500  460  500  359  420  500  460  479  380  460
458  460  458  500  460  380  500  399  458  479
460  420  460  460  460  399  418  500  418  418
500  460  380  399  500  298  479  460  380  439
420  460  500  397  359  479  319  460  500  418
460  -5  500  380  458  420  500  420  460  460
500  479  439  500  479  500  460  460  399  439
458  420  479  500  439  500  439  500  439  500
460  500  458  479  -5  399  479  500  439  380
197  399  418  500  340  479  319  460  479  500
-5  380  439  -5  420  -5  500  500  418  460
500  500  338  479  458  439  500  338  319  460
460  460  439  458  500  380  418  -5  399  460
500  -5  500  439  420  479  500  460  479  399
460  279  439  439  460  418  460  460  319  460
460  380  399  460  500  439  378  500  500  500
479  420  378  458  439  399  300  -5  437  458
479  439  460  420  420  378  479  460  479  479
460  479  500  460  420  479  458  340  439  500
460  460  479  460  258  -5  500  500  420  338
317  439  479  500  479  380  399  357  -5  500
479  420  500  479  479  460  420  460  460  439
437  458  460  460  500  460  458  399  338  500
378  437  340  397  479  479  439  479  399  399
479  500  420  359  380  439  380  399  336  -5
460  340  460  378  380  439  500  357  500  460
418  277  458  418  420  378  479  439  378  376
500  439  460  338  500  359  399  399  460  397
458  439  -5  399  460  479  479  460  500  500
479  500  500  420  279  500  378  439  500  399
397  479  340  460  418  418  500  340  399  460
500  380  359  460  500  439  460  378  418  460
479  479  500  460  460  460  378  420  460  399
420  458  460  380  460  399  359  397  500  500
437  500  340  418  340  380  420  399  439  399
420  500  479  479  437  300  479  359  439  439
439  460  418  458  458  460  399  460  500  399
420  439  460  460  460  399  439  418  399  460
439  500  460  458  439  500  338  479  479  399
479  460  460  298  460  460  298  399  380  340
418  460  420  338  418  420  378  439  439  418
279  460  359  60  500  460  500  500  420  420
460  479  460  460  -5  378  439  460  500  378
460  399  479  359  397  479  460  479  437  399
359  418  479  -5  399  418  399  420  460  420
500  359  439  439  479  500  460  420  439  399
399  420  418  439  458  460  399  439  439  479
378  479  380  418  420  500  439  357  479  437
420  479  479  460  479  460  500  460  500  380
439  500  439  460  479  418  298  380  500  460
397  439  420  500  479  420  336  399  500  378
397  500  380  479  338  460  439  399  460  439
340  460  380  340  500  500  418  460  460  420
378  399  460  340  420  359  500  500  458  460
460  479  500  479  460  357  460  460  439  338
420  439  418  420  399  420  460  399  338  -5
500  376  500  378  399  439  500  479  439  500
500  460  460  -5  479  460  319  -5  138  340
420  59  359  58  279  420  -5  138  -5  399
178  359  59  60  100  59  218  199  458  58
60  300  439  -5  -5  -5  -5  -5  -5  -5
-5  -5  -5  -5  -5  -5  -5  -5  -5  -5
-5  -5  -5  -5  -5  -5  -5  -5  -5  -5
-5  -5  -5  -5  -5  357  479  458  439  479
359  420  500  420  420  458  500  397  418  500
-5  279  460  460  460  458  418  460  399  420
479  460  458  479  460  500  500  420  460  357
460  460  357  500  460  439  479  399  380  420
418  399  418  399  460  460  -5  399  420  500
418  418  479  500  500  399  439  500  439  479
460  500  500  439  500  359  500  500  437  460
500  420  300  500  500  479  500  399  380  460
500  420  -5  460  500  399  460  380  439  380
500  439  319  500  418  500  500  460  420  479
500  397  416  399  500  437  460  460  420  460
399  420  479  500  279  500  460  479  460  359
439  338  340  460  439  479  420  380  338  460
439  418  437  439  500  260  458  439  479  500
439  500  418  479  460  479  418  378  500  439
458  500  418  418  296  479  439  359  479  359
378  399  -5  279  479  439  420  378  359  460
418  458  -5  439  479  479  460  458  479  460
418  458  460  418  399  479  460  458  479  460
-5  479  500  -5  439  420  460  460  378  378
359  479  500  500  479  460  439  460  500  -5
479  399  439  399  359  458  397  479  458  420
500  500  399  380  460  460  500  418  319  479
500  399  439  439  500  500  500  437  420  500
-5  479  479  439  399  500  500  500  460  479
460  439  439  439  460  500  460  439  500  319
439  359  418  380  500  460  460  399  359  439
460  500  418  300  500  439  439  359  399  479
439  418  458  420  -5  399  437  -5  338  479
479  479  359  439  479  298  479  420  439  460
500  399  439  479  420  380  397  500  439  479
460  319  460  439  380  420  460  340  399  418
418  338  479  479  399  500  439  -5  420  399
500  338  460  500  359  479  460  500  500  460
500  460  439  418  420  500  460  460  500  359
-5  479  479  500  460  439  418  380  418  399
500  460  420  359  439  420  500  418  420  439
437  500  479  380  439  416  439  458  460  439
500  500  420  479  500  500  460  420  340  460
399  458  418  439  460  399  460  460  420  500
500  439  399  439  500  279  479  479  460  460
439  -5  460  319  500  380  458  439  380  439
380  500  420  397  479  399  460  500  378  479
338  458  460  420  500  460  336  500  500  359
479  500  479  399  378  479  500  420  319  500
500  460  380  479  357  420  378  460  479  500
359  380  460  439  439  460  420  380  399  340
460  439  397  500  439  479  279  439  500  378
460  500  420  460  298  500  460  479  479  418
399  500  500  300  479  500  500  418  479  460
359  479  460  500  -5  500  460  479  279  460
500  319  420  500  460  378  399  420  437  420
500  500  -5  420  500  376  500  439  380  500
500  420  460  399  500  399  458  420  479  479
420  500  420  418  500  479  420  420  460  500
460  418  399  460  399  458  439  357  460  380
479  460  420  399  460  336  500  479  500  399
376  399  460  479  439  378  500  418  317  397
420  420  500  317  338  300  439  359  479  439
298  338  460  378  500  500  420  378  439  500
439  378  460  500  399  -5  418  500  500  300
479  420  420  460  500  420  460  317  399  500
420  399  460  -5  479  500  439  460  479  378
-5  479  319  500  420  420  439  439  300  359
399  500  380  500  479  479  479  500  418  458
399  458  460  500  500  479  357  -5  460  437
439  460  479  500  319  500  460  439  439  338
460  -5  460  317  460  418  479  376  420  439
479  376  338  420  460  500  380  -5  420  479
500  399  500  500  458  460  460  399  439  479
359  439  420  479  439  479  -5  418  340  479
460  460  460  359  439  500  458  500  460  479
460  460  359  500  460  399  420  479  500  439
479  399  458  357  439  420  500  439  458  357
479  460  418  479  439  439  460  460  458  479
479  418  460  500  319  479  439  460  -5  420
420  500  460  500  460  418  479  460  376  500
500  460  460  460  458  479  460  458  500  359
380  399  479  380  380  340  359  380  460  479
420  439  479  500  460  460  479  479  460  460
378  420  460  418  500  500  -5  420  460  479
338  460  460  399  418  420  460  420  439  418
458  420  460  418  500  380  500  439  -5  479
439  378  479  500  500  -5  399  479  359  418
500  458  338  -5  460  500  460  420  460  500
420  479  378  500  460  500  439  418  460  479
460  479  439  -5  479  479  500  359  420  500
500  439  439  279  460  439  439  359  479  460
420  399  420  399  460  420  479  500  418  439
418  500  279  439  500  458  439  460  420  437
460  500  479  418  460  399  420  460  500  500
500  458  -5  458  -5  380  420  418  439  479
458  500  399  479  437  439  399  479  460  420
399  -5  479  420  479  439  479  460  500  439
380  439  437  460  439  500  359  420  500  500
479  500  460  500  460  460  460  340  399  420
359  418  479  460  359  357  460  479  458  420
376  479  460  399  338  378  439  479  500  460
479  479  380  500  479  500  338  500  -5  380
479  460  500  420  479  420  439  399  460  479
460  460  397  439  420  420  500  479  420  500
458  319  460  479  319  -5  479  397  439  460
439  437  460  479  439  420  -5  340  479  460
418  439  359  420  340  439  399  418  378  378
378  439  439  460  458  479  420  500  479  439
460  460  378  500  500  359  439  439  378  439
439  418  500  460  300  439  460  397  357  500
500  500  500  378  458  338  479  439  479  500
500  359  500  458  376  399  500  460  439  380
460  420  420  439  479  399  500  420  378  458
439  458  500  458  500  399  340  378  420  479
420  338  460  500  420  460  420  500  439  460
399  359  479  500  399  420  357  437  479  439
439  378  399  420  418  479  298  357  418  500
460  458  418  460  338  439  500  500  380  458
439  500  420  399  460  460  439  479  458  500
300  399  460  460  380  378  439  439  460  397
479  439  399  239  500  460  500  -5  479  -5
458  460  399  458  357  418  439  439  460  460
359  359  479  500  458  479  460  439  479  399
439  380  420  460  399  460  479  439  420  420
460  500  420  420  418  439  397  420  399  420
439  460  380  378  460  479  460  380  500  420
418  399  397  420  -5  439  399  439  378  460
216  399  397  359  500  500  479  500  479  479
420  500  458  378  500  340  380  58  500  500
460  460  399  460  380  479  500  439  500  439
500  479  420  460  500  439  418  479  500  380
439  460  500  439  479  418  460  479  380  500
397  437  397  500  439  460  418  479  420  397
460  460  359  500  418  460  420  380  399  420
460  439  439  439  380  479  439  319  439  420
500  500  460  460  380  460  439  380  420  479
500  500  460  420  460  500  420  479  439  399
-5  458  500  399  -5  500  479  420  439  460
439  479  479  479  -5  479  338  460  460  378
439  500  500  380  439  479  460  500  500  460
479  479  420  420  460  479  479  420  397  420
479  378  500  338  500  439  418  420  439  420
399  460  418  500  479  420  380  500  500  439
460  199  500  460  397  458  500  460  340  439
439  279  479  458  500  460  460  479  399  418
437  500  500  380  500  439  500  420  460  420
460  500  439  460  178  380  500  380  439  460
378  460  479  460  458  460  399  479  399  399
500  397  460  500  500  479  479  460  397  418
380  500  500  420  460  439  296  418  399  458
479  500  460  378  460  399  500  380  500  439
420  479  399  500  460  -5  418  357  399  420
420  479  338  460  418  420  479  418  300  439
460  500  460  420  479  500  479  420  460  -5
479  399  460  460  460  460  439  439  399  439
418  500  399  479  500  460  439  420  418  420
378  380  420  340  479  359  437  298  420  420
460  500  479  420  439  359  500  357  336  439
399  317  338  460  479  500  437  300  460  279
479  500  420  479  378  479  479  500  500  479
378  237  460  439  460  420  418  460  479  439
460  -5  460  479  460  -5  500  500  479  418
460  460  460  439  479  479  439  439  479  439
439  437  479  500  479  338  439  420  460  359
439  460  500  420  140  100  60  460  59  260
220  418  140  199  319  500  439  -5  260  359
-5  60  159  79  319  479  479  439  418  420
500  500  479  420  298  460  359  420  399  439
439  340  399  500  418  500  479  317  439  460
340  479  439  500  479  460  460  479  -5  500
460  258  439  479  399  500  500  399  479  420
338  380  439  439  359  397  378  460  500  460
439  -5  500  500  460  319  460  479  399  500
479  439  439  420  439  460  500  479  -5  439
-5  500  418  300  420  399  439  479  399  439
439  420  439  500  378  359  460  460  460  460
439  500  279  420  458  460  460  -5  479  500
460  399  420  500  340  460  500  380  460  319
500  319  418  500  460  439  418  460  458  439
378  338  439  420  500  338  359  439  500  500
460  460  479  420  460  359  380  359  279  500
319  458  -5  500  399  399  500  399  500  319
420  420  479  500  -5  460  460  380  500  460
439  458  500  460  378  439  298  500  460  338
460  420  460  359  479  439  460  420  500  418
420  500  420  437  298  500  500  479  500  420
420  399  500  340  460  418  458  460  420  460
500  479  500  399  460  378  420  439  439  380
500  500  500  500  439  500  397  -5  458  399
357  420  399  458  500  418  460  460  460  -5
418  338  500  399  500  399  -5  380  380  460
500  418  458  399  500  500  479  479  439  420
500  458  479  357  340  479  -5  380  418  418
458  340  500  460  397  460  500  439  439  399
439  460  439  437  340  460  439  458  479  378
380  -5  420  458  380  479  340  418  460  460
460  500  378  460  458  500  239  500  479  500
500  378  399  -5  399  479  439  500  500  460
460  460  439  -5  500  298  500  479  439  500
479  458  479  460  479  500  420  439  460  460
439  357  458  479  420  -5  460  420  437  460
460  460  479  500  439  500  399  380  437  460
399  439  460  479  357  439  439  418  500  460
500  500  399  479  399  380  500  479  380  460
437  460  -5  500  500  500  319  418  338  500
399  439  319  439  399  460  420  380  500  380
439  439  380  296  500  500  500  420  479  460
338  380  500  439  380  340  460  460  500  420
460  340  420  500  460  418  399  500  399  -5
460  378  420  378  500  460  399  460  418  397
500  338  418  479  420  439  380  479  420  439
500  460  500  500  439  397  420  439  460  399
479  460  439  500  460  -5  460  500  460  380
439  460  479  458  479  397  439  460  439  399
500  500  338  378  500  458  420  479  500  340
418  380  420  418  399  357  460  460  380  359
359  418  359  359  380  460  479  479  500  439
439  460  479  359  420  479  -5  460  439  420
359  479  439  -5  460  439  418  460  439  420
479  500  359  420  500  500  479  437  439  500
420  378  460  479  500  420  500  439  460  340
380  460  500  439  340  479  439  500  439  500
380  500  418  479  439  378  418  460  500  319
399  500  460  460  439  378  500  500  500  479
378  439  397  338  300  479  500  418  -5  500
439  500  399  460  420  439  340  420  460  479
500  460  479  500  418  479  460  399  439  460
460  458  500  460  460  378  399  500  460  500
319  378  340  420  500  420  500  500  399  359
420  500  357  439  500  340  460  359  500  399
-5  500  460  437  460  479  500  500  418  458
298  460  500  500  479  439  418  399  439  460
380  479  380  479  279  437  397  399  399  500
399  439  338  460  500  500  479  380  479  460
460  500  439  399  319  460  500  460  439  399
399  418  500  500  500  418  500  340  500  458
319  479  319  460  500  460  399  458  500  -5
500  439  500  460  479  399  500  418  500  359
460  500  437  380  340  380  500  479  397  439
460  338  460  439  500  439  439  399  460  479
479  460  418  500  439  376  500  479  479  399
460  357  500  500  460  479  479  439  439  500
418  380  458  500  460  439  458  359  439  500
460  439  479  460  380  418  458  479  300  399
460  479  418  479  458  439  479  420  500  -5
460  500  458  439  479  418  500  -5  460  420
420  380  418  380  479  500  420  420  380  479
460  418  460  -5  -5  216  460  359  439  479
479  500  479  500  500  439  479  460  439  399
439  380  500  439  458  340  376  439  479  439
399  439  439  380  460  -5  500  460  500  460
420  500  460  460  479  458  317  439  439  420
500  460  418  319  460  500  378  420  500  479
479  380  479  420  378  479  418  500  439  460
-5  418  479  439  500  500  479  420  500  420
458  460  500  -5  418  378  380  479  500  500
420  437  418  439  -5  479  500  460  439  -5
500  439  460  -5  460  500  359  500  399  317
479  338  399  -5  420  359  418  500  479  439
300  458  500  416  460  380  399  418  380  460
420  439  399  420  380  439  420  338  439  399
279  460  418  500  458  420  380  420  500  380
500  420  479  357  500  460  338  479  439  420
399  479  380  420  479  479  439  500  399  460
500  -5  479  399  399  418  458  460  418  500
479  500  380  458  500  500  439  460  439  397
399  420  380  460  399  479  439  359  500  420
439  439  479  -5  500  418  500  439  460  500
399  399  420  458  500  420  460  418  460  500
420  418  460  399  439  359  500  500  317  359
479  380  460  439  500  460  439  79  479  458
500  380  277  439  460  359  420  439  479  437
439  460  -5  439  380  399  479  479  378  399
439  500  437  460  298  500  479  338  380  458
418  439  500  500  319  479  500  460  378  338
479  437  399  -5  460  399  378  500  479  380
479  460  460  439  500  500  418  378  -5  399
500  500  458  378  420  479  420  357  420  500
439  439  380  458  378  500  279  319  420  399
458  500  439  500  460  -5  380  359  439  479
460  460  418  399  460  -5  500  460  420  479
500  380  336  500  340  500  460  -5  479  439
479  479  420  479  460  479  418  500  380  359
357  458  418  460  380  399  460  479  500  479
460  418  420  378  439  420  397  -5  500  -5
500  460  439  378  378  460  460  380  420  479
460  380  479  479  479  319  500  460  439  418
439  460  500  397  439  479  439  277  500  378
460  338  -5  500  500  298  420  399  460  279
460  479  439  500  279  439  399  57  159  260
-5  59  159  378  60  100  279  239  178  60
60  319  59  298  380  300  500  -5  479  60
98  -5  439  500  319  -5  420  -5  -5  -5
58  239  -5  -5  -5  -5  -5  319  -5  -5
-5  500  -5  -5  -5  -5  -5  -5  380  -5
-5  -5  60  -5  -5  -5  -5  317  -5  -5
-5  -5  -5  -5  -5  -5  -5  -5  -5  -5
-5  296  -5  -5  -5  -5  -5  -5  -5  -5
-5  -5  -5  -5  319  -5  -5  -5  -5  -5
-5  -5  -5  -5  -5  -5  399  500  500  378
418  296  399  500  380  357  500  500  460  58
58  60  260  -5  119  59  399  460  460  479
479  439  439  460  420  296  338  418  458  500
397  460  500  460  399  420  418  460  458  458
418  460  439  378  439  399  460  458  439  418
420  460  -5  420  439  479  399  378  479  380
359  500  458  418  460  479  378  460  500  420
298  500  439  500  220  479  479  460  397  479
458  500  458  -5  500  420  439  500  357  399
439  439  439  500  420  500  420  437  500  418
460  460  420  500  500  500  479  439  460  460
420  460  420  399  460  359  479  420  479  420
479  460  500  479  460  420  418  479  357  479
479  500  439  479  500  500  399  420  380  378
439  439  439  420  416  460  420  500  479  458
460  479  298  460  479  359  460  439  439  359
460  479  458  479  500  500  439  500  458  380
340  399  460  437  458  458  460  399  479  439
439  460  500  460  420  460  460  359  500  380
460  357  460  500  437  479  500  359  460  357
418  500  479  420  420  460  437  420  500  460
500  439  500  500  479  460  420  500  420  460
380  479  500  399  418  420  399  420  418  460
500  460  340  399  418  420  460  500  460  500
458  500  500  458  460  500  460  319  399  500
359  460  479  439  439  479  420  418  500  460
439  500  460  500  460  319  460  460  418  500
439  418  500  420  460  359  399  399  439  439
500  479  418  376  359  439  500  500  378  460
500  500  380  439  380  500  479  460  437  500
399  359  500  500  460  336  420  479  420  418
420  399  420  378  340  500  500  460  439  479
500  359  500  439  479  317  500  439  418  500
399  420  378  378  399  319  500  460  479  439
420  439  420  317  479  439  479  418  418  418
439  420  500  460  336  500  378  439  359  420
460  418  500  500  380  340  420  439  399  479
439  479  439  500  399  500  439  500  500  500
460  460  359  458  479  479  420  298  479  460
380  378  460  420  458  479  420  500  439  479
420  380  500  460  439  460  479  399  340  420
399  399  420  460  -5  418  500  458  399  500
460  500  420  500  399  500  418  359  479  458
460  460  359  399  380  458  500  437  399  359
500  460  479  437  359  399  479  439  500  439
460  359  500  397  418  460  479  418  500  460
460  439  439  399  500  399  439  439  439  338
460  340  439  479  460  500  439  500  500  458
399  460  380  338  338  500  500  420  439  500
439  479  460  500  420  479  437  460  380  460
439  420  416  439  500  500  500  500  -5  439
500  378  460  500  418  460  439  439  317  460
258  319  460  500  359  420  397  420  338  359
500  439  460  298  460  460  479  479  500  439
397  500  359  439  420  399  460  500  439  460
500  439  460  399  380  500  500  479  458  439
460  460  420  458  420  460  500  500  380  439
500  500  500  359  420  439  439  439  439  460
460  298  418  458  458  399  420  439  359  439
479  479  418  420  378  420  439  458  380  479
437  479  340  420  260  500  380  500  500  460
439  420  479  420  380  300  418  439  420  479
420  500  500  500  500  439  420  500  439  460
439  399  458  500  439  479  399  460  418  479
397  460  420  460  500  460  439  399  418  437
479  439  479  420  479  420  420  500  399  319
420  399  399  460  378  420  338  378  439  460
359  399  439  399  418  500  399  500  479  500
500  439  460  439  420  460  500  500  378  479
500  460  399  479  420  420  418  479  460  458
460  500  460  460  500  500  420  460  479  500
340  418  399  460  500  399  479  319  439  460
439  439  420  500  399  439  460  357  460  420
500  500  439  418  479  500  399  500  439  460
458  319  479  399  437  500  460  439  479  380
359  420  439  359  460  458  500  359  420  460
460  479  439  380  418  460  460  439  460  439
439  317  479  500  439  460  439  460  479  458
500  439  418  439  439  458  359  460  439  479
296  300  420  399  500  460  420  460  500  500
479  439  336  458  338  420  420  479  336  460
439  479  458  500  460  338  479  397  500  458
500  500  460  439  340  340  460  420  319  479
399  418  338  418  439  460  460  500  460  376
460  460  460  359  420  418  479  500  439  479
420  500  359  500  460  399  439  500  500  378
500  479  479  439  378  460  439  500  479  458
399  359  479  319  460  500  479  357  420  500
500  420  439  418  460  399  460  500  397  460
460  500  458  460  479  500  458  500  460  439
479  439  420  460  460  399  500  458  416  500
500  437  399  460  460  500  458  479  460  460
357  439  439  439  317  298  420  500  500  460
460  460  439  479  500  439  420  378  359  500
420  479  439  378  479  460  399  460  479  420
420  420  319  500  439  460  420  420  439  399
420  479  418  439  479  460  460  458  458  460
479  399  460  479  359  359  479  359  460  418
439  338  460  458  399  338  420  378  500  479
399  439  439  500  460  479  439  500  319  420
500  399  399  500  338  460  460  420  460  460
359  460  439  479  439  378  399  500  359  418
420  458  319  500  460  458  479  420  439  479
479  397  338  418  340  460  338  340  439  500
359  500  399  479  500  460  277  500  439  420
500  460  -5  437  418  420  500  418  420  500
418  399  397  418  500  437  460  439  500  460
420  439  479  479  500  399  500  460  420  460
500  460  500  397  418  439  439  439  420  479
340  418  500  479  439  317  420  479  380  500
458  479  460  439  439  319  399  500  500  439
399  460  500  338  439  458  460  380  460  500
500  399  479  420  380  378  399  460  420  458
460  378  380  460  418  418  500  500  338  479
420  460  458  479  359  439  359  -5  380  500
336  500  439  439  418  500  399  357  460  479
479  439  479  420  460  500  399  399  399  420
439  420  460  359  458  439  420  460  460  439
439  418  460  439  420  500  500  439  359  420
500  460  479  500  479  380  380  376  500  460
357  420  460  460  420  479  500  439  460  500
460  460  420  439  500  500  296  359  479  500
460  399  439  500  380  479  439  437  397  460
359  500  399  460  479  418  479  439  439  460
376  399  458  439  460  500  500  420  420  439
458  359  500  460  357  399  437  420  500  458
479  500  439  460  439  460  439  500  460  500
460  378  420  420  418  399  500  397  479  458
439  460  500  439  460  500  479  439  359  317
460  420  500  439  420  479  378  500  458  479
479  500  460  418  458  420  380  338  437  460
500  479  458  399  319  460  338  500  479  460
500  399  439  460  460  500  460  500  399  460
399  458  479  479  500  378  380  399  460  460
439  399  500  500  359  357  500  460  439  500
420  458  500  458  460  500  500  439  420  500
479  420  399  420  460  420  399  479  420  460
460  439  500  418  500  399  479  420  460  479
460  479  460  359  378  460  378  359  399  500
298  338  500  460  500  399  439  397  399  439
479  460  420  460  500  500  500  378  460  420
418  338  460  378  439  420  418  439  500  479
500  479  420  500  479  439  380  439  460  399
439  479  399  479  420  460  439  359  479  500
500  338  460  399  500  418  420  380  359  500
439  378  420  420  460  420  420  460  460  380
460  500  399  359  500  439  500  399  479  460
420  319  479  479  399  500  458  439  420  359
500  418  479  460  479  258  500  500  439  418
500  500  458  399  500  460  317  338  460  439
458  479  359  359  437  418  420  420  500  439
340  479  460  460  460  420  399  60  57  138
180  79  79  380  380  439  -5  57  -5  380
359  439  79  138  -5  59  220  58  60  58
58  59  279  300  119  178  -5  460  258  59
479  420  399  420  458  380  380  420  460  319
399  399  479  340  338  439  420  378  500  376
500  338  338  378  500  319  418  500  399  458
500  500  479  439  500  500  399  420  500  500
420  500  500  378  298  458  500  460  418  439
439  460  500  460  260  300  420  399  460  460
500  479  397  479  458  340  420  500  439  439
399  340  479  500  399  319  439  418  439  380
500  439  460  500  500  439  359  458  460  439
359  500  500  378  418  500  380  479  500  420
460  439  460  418  399  399  439  460  439  399
460  319  500  420  439  500  338  500  399  460
460  500  279  416  439  439  378  439  378  439
380  479  500  479  359  460  376  439  319  338
439  218  460  418  420  439  460  399  458  418
500  479  420  500  479  479  437  439  216  378
479  500  418  460  418  420  437  420  420  439
378  380  420  399  359  439  439  439  378  500
437  420  458  399  380  500  420  397  500  500
380  479  319  479  399  399  397  418  460  439
479  439  479  460  458  500  479  397  460  458
479  420  479  460  399  458  338  180  420  378
338  279  439  500  458  479  439  479  500  439
479  460  439  460  437  439  420  479  418  500
500  458  420  500  500  500  357  460  439  460
340  359  439  418  479  460  420  460  500  359
439  460  479  460  340  359  460  380  460  380
399  460  420  420  460  319  460  479  479  439
319  399  359  399  399  420  458  500  420  460
500  380  420  359  359  460  458  336  420  500
340  359  460  460  460  420  399  460  397  479
340  500  378  418  439  500  359  479  460  439
439  378  378  500  418  296  479  338  399  479
418  460  319  479  500  418  380  460  500  399
479  420  458  458  500  420  439  479  418  399
399  418  399  399  460  479  500  399  500  420
399  479  418  338  420  479  479  479  420  479
319  460  418  399  479  420  439  479  500  460
380  378  479  397  500  -5  439  460  399  479
319  500  500  460  458  317  500  336  420  338
460  500  439  439  460  460  439  479  479  479
399  479  420  500  460  458  460  439  420  380
420  376  500  460  397  458  439  479  399  439
439  420  418  460  479  500  500  399  460  279
460  359  397  439  420  479  437  500  439  460
399  500  458  500  399  378  359  500  500  420
460  460  500  500  399  399  479  500  479  439
376  338  378  479  479  479  500  460  338  460
420  500  319  439  479  460  500  439  418  418
460  399  460  479  359  418  357  359  460  500
460  317  460  500  338  399  418  479  479  340
500  380  479  380  460  399  420  359  439  378
460  338  418  479  500  500  420  380  439  439
439  439  460  418  479  460  399  460  460  420
500  397  460  460  460  460  479  458  399  378
338  500  460  479  359  420  479  500  420  458
460  437  458  500  420  317  340  439  340  460
439  500  500  500  479  500  439  458  460  418
500  500  399  439  479  460  479  399  479  460
460  420  378  439  460  439  500  418  460  439
420  500  479  500  439  439  340  500  380  380
460  460  420  420  399  500  399  439  460  500
380  460  460  420  420  460  380  399  500  460
460  437  460  420  336  420  317  399  500  418
500  458  380  500  180  460  399  420  420  420
420  439  418  399  418  500  439  380  479  460
460  340  418  420  460  500  460  460  460  500
439  399  399  420  500  500  380  439  439  439
399  500  399  460  380  500  399  420  378  319
479  500  420  460  460  458  460  460  420  439
460  260  279  460  500  500  420  500  420  439
380  359  399  439  439  418  420  500  500  500
500  378  439  460  500  439  479  500  460  397
479  420  460  500  500  399  418  399  420  460
439  420  500  460  357  439  420  439  500  500
378  500  479  418  420  300  439  420  500  479
500  500  479  437  479  359  378  479  500  380
439  359  439  479  380  380  357  500  399  380
500  479  340  500  500  479  439  359  359  420
460  420  439  500  460  439  460  338  399  439
218  500  500  380  420  380  500  439  439  420
359  418  458  378  500  500  458  319  420  420
378  500  420  439  439  420  319  500  479  500
500  439  460  458  479  460  420  500  460  380
500  319  500  479  479  420  439  460  399  399
437  336  439  420  420  439  420  300  500  298
418  460  500  460  420  399  300  399  439  378
336  439  460  460  479  460  458  420  460  399
500  439  420  458  439  380  418  479  458  460
460  500  460  460  460  500  439  460  439  460
460  460  378  500  439  439  460  460  500  380
420  500  458  399  437  479  357  458  460  357
420  500  340  500  380  359  500  500  460  439
420  399  500  500  420  458  460  460  500  460
420  458  380  500  500  399  437  380  378  500
437  439  399  399  460  500  500  420  420  500
-5  439  458  380  439  500  500  500  378  458
380  418  420  378  359  460  380  418  479  418
258  460  500  479  500  420  399  380  460  500
460  399  319  460  460  359  418  458  460  439
500  439  479  458  336  418  460  500  420  460
460  439  439  399  319  458  380  399  420  420
439  439  399  439  340  418  460  298  460  479
439  359  399  420  479  479  460  359  380  479
439  399  420  380  399  500  380  500  380  500
460  500  418  420  420  420  399  420  458  479
420  479  500  460  460  399  500  399  479  500
420  420  399  437  439  500  439  479  420  439
460  458  500  420  460  439  500  500  500  500
420  439  479  418  460  380  500  460  399  380
500  479  500  500  500  420  439  338  -5  420
460  380  439  380  399  460  479  380  439  420
359  500  500  277  500  420  500  460  479  500
500  500  479  479  479  420  380  479  380  460
439  338  439  458  479  479  399  479  399  500
420  420  437  479  420  500  458  460  359  479
460  420  460  479  479  439  399  340  479  458
399  378  479  439  479  277  460  460  420  460
359  420  460  500  338  340  500  479  479  460
380  460  399  439  479  458  500  500  439  460
338  460  500  340  460  420  458  420  420  500
420  500  378  458  500  479  298  460  359  439
500  399  399  380  420  460  479  439  340  479
479  399  359  359  437  479  460  500  418  418
479  479  460  357  439  439  380  500  420  479
397  359  359  380  359  479  397  500  500  479
340  357  500  420  500  418  479  479  439  439
500  479  500  340  399  420  416  418  500  460
500  399  479  479  479  378  439  500  439  479
399  460  359  460  359  500  500  479  420  380
479  500  399  479  420  458  500  420  399  458
439  418  479  458  420  277  458  460  500  399
399  338  460  399  420  300  439  460  460  479
460  460  500  500  460  420  359  378  500  399
460  439  460  460  460  479  479  399  500  380
439  420  479  439  357  378  397  500  500  378
500  439  460  460  380  460  479  458  439  479
279  439  500  439  479  479  460  500  460  420
460  418  -5  439  458  399  399  359  479  479
399  479  439  420  397  437  460  500  420  479
399  479  460  439  439  458  500  500  420  420
380  500  418  500  399  479  359  418  500  500
479  460  460  460  439  458  479  500  418  479
500  380  340  359  500  479  338  460  458  479
399  439  420  479  479  479  479  500  460  500
458  359  500  359  439  460  399  460  460  399
359  399  418  418  319  460  479  460  479  420
380  439  479  338  500  420  439  460  460  420
319  418  460  500  458  500  380  479  439  439
418  479  458  460  500  479  500  439  359  420
500  479  359  338  460  399  460  479  439  378
420  460  479  439  500  460  500  460  420  460
378  418  437  399  460  380  439  420  500  479
439  359  460  500  460  500  500  458  420  399
460  500  479  399  479  439  460  500  479  479
420  439  479  420  380  399  420  380  500  439
500  479  420  359  458  500  460  500  376  420
380  380  420  479  317  420  500  439  439  340
458  500  460  378  359  378  399  479  500  399
397  380  399  380  338  479  439  397  439  439
439  479  359  418  279  418  460  439  420  420
458  458  500  460  500  500  439  420  479  479
439  479  460  439  500  357  399  460  380  500
479  479  380  439  359  460  460  460  420  460
479  378  500  460  500  500  420  500  439  500
439  380  500  460  399  319  460  439  420  -5
500  460  479  500  338  418  376  458  399  500
420  479  500  418  439  500  500  380  439  500
479  380  460  439  439  420  340  479  460  359
500  420  460  439  378  359  439  500  479  460
479  439  437  380  500  460  439  380  458  458
460  279  439  300  458  500  500  359  439  479
378  460  479  397  500  439  460  439  500  500
479  378  420  439  460  359  380  460  500  359
439  420  340  460  380  439  397  338  500  460
479  397  420  439  460  460  479  500  258  460
418  458  420  460  500  420  500  479  439  439
420  460  420  380  378  460  460  418  439  460
500  357  300  479  340  418  479  439  397  420
420  437  399  460  500  359  397  378  439  479
399  399  338  500  317  -5  300  359  418  458
399  460  439  500  317  420  460  336  460  420
418  319  460  460  479  378  418  460  439  378
420  460  399  399  460  479  500  420  500  460
338  418  359  439  500  500  439  420  500  359
479  420  500  399  380  460  500  378  439  357
460  439  296  439  420  380  479  418  479  460
500  439  317  399  439  500  460  460  479  479
399  500  397  378  500  258  399  460  439  460
439  460  338  479  439  479  418  298  439  460
479  418  338  500  420  380  460  380  500  460
378  500  437  340  439  479  437  397  338  420
399  479  500  359  479  439  437  460  378  500
458  420  460  479  439  437  460  298  338  399
479  338  439  418  420  399  500  439  420  420
439  500  479  380  380  500  397  458  378  399
439  420  460  500  319  500  378  418  460  500
479  319  359  500  399  357  439  500  359  500
500  399  418  420  479  460  500  460  418  500
500  500  479  458  479  317  500  359  378  376
399  500  340  418  460  359  479  399  359  460
500  439  460  338  479  479  500  380  460  500
397  399  420  340  460  460  378  380  479  500
399  420  439  399  218  500  439  378  500  500
439  399  460  319  460  418  420  439  479  460
338  500  479  500  439  380  460  500  399  420
380  319  479  439  418  500  317  340  460  479
460  420  439  420  479  378  500  460  439  418
460  479  418  399  460  479  460  420  418  460
338  279  460  500  500  458  460  359  479  500
500  399  439  460  420  359  357  359  378  418
340  460  399  479  439  460  420  59  500  460
59  138  500  58  59  59  58  239  159  260
140  58  -5  58  418  479  439  -5  -5  -5
-5  -5  -5  -5  -5  -5  460  -5  -5  140
420  420  399  319  279  319  59  380  439  59
380  59  59  100  59  57  277  340  239  59
458  418  340  340  399  159  60  279  58  59
57  59  340  479  117  60  138  59  119  420
460  59  59  58  60  260  199  58  119  -5
60  340  180  59  57  338  378  500  418  460
439  378  460  420  340  380  500  319  399  357
399  460  359  460  359  418  460  439  460  399
420  420  460  439  460  420  420  378  399  460
418  460  319  420  239  100  119  59  59  380
380  59  59  357  359  359  59  340  60  420
359  279  359  420  357  399  277  420  380  460
418  359  460  340  439  500  500  439  298  399
399  479  420  380  500  439  479  460  479  439
359  479  460  418  -5  319  460  420  317  460
479  500  420  439  500  298  460  460  439  420
479  500  460  500  500  500  460  479  500  500
338  500  418  479  319  500  420  420  399  460
458  378  418  418  479  460  298  479  378  460
479  460  378  420  380  500  460  439  479  500
500  460  500  378  420  458  500  460  420  460
420  418  479  500  460  460  418  439  439  500
460  500  479  479  479  380  420  338  439  500
380  479  500  399  460  380  500  460  500  418
399  338  460  500  460  439  399  439  460  460
500  298  418  399  460  420  479  460  460  418
460  479  399  380  460  357  500  479  460  500
439  479  479  418  460  420  399  380  439  340
378  460  420  500  420  338  399  500  460  458
460  500  500  439  500  500  418  399  420  420
460  319  378  359  460  500  479  399  380  439
460  500  340  500  439  378  418  399  420  420
500  317  437  380  500  378  458  420  500  437
479  460  359  439  420  458  500  359  439  439
319  460  416  439  479  460  237  479  460  380
437  500  418  460  500  500  500  437  439  479
340  439  418  418  420  500  418  460  460  319
500  439  460  460  479  319  500  479  500  399
500  418  479  439  460  500  380  420  500  418
380  420  479  418  420  300  479  460  399  319
460  500  500  -5  399  500  399  378  460  460
399  460  460  479  420  380  479  460  418  357
479  338  460  500  -5  317  418  420  439  458
319  500  460  479  439  380  460  500  479  500
317  500  500  260  460  439  500  439  479  439
340  500  399  500  397  460  439  380  500  439
460  500  460  500  399  359  460  460  439  460
359  437  397  420  460  439  418  420  380  500
479  359  500  416  420  460  357  420  500  458
420  399  420  439  479  420  460  460  500  500
399  399  439  479  500  420  418  500  479  479
439  439  397  500  439  439  479  439  359  458
458  338  479  500  458  500  378  380  399  500
460  399  500  420  420  340  500  437  399  399
460  399  420  420  460  439  418  460  298  500
460  -5  399  -5  479  500  420  420  420  460
479  479  500  399  460  378  500  420  500  420
399  460  418  500  460  460  420  439  458  439
420  460  420  458  439  460  479  460  380  397
500  439  420  460  500  460  460  500  460  418
397  338  460  340  420  397  460  239  399  439
418  359  340  439  439  397  420  439  378  378
399  479  420  439  340  399  479  439  439  378
460  439  439  460  439  418  479  460  458  399
460  420  317  500  439  439  397  420  399  420
460  460  399  458  378  439  500  460  500  500
460  500  420  460  418  397  300  418  420  418
479  500  380  378  460  420  359  399  378  380
338  399  420  378  500  380  500  399  420  380
439  500  359  439  380  460  500  460  340  439
439  500  460  460  439  340  399  418  399  399
460  319  500  479  500  500  420  439  460  479
338  420  479  420  460  460  418  439  460  397
460  437  460  420  380  460  458  399  418  479
420  460  399  479  336  380  460  460  479  460
399  460  439  359  500  256  399  460  479  319
479  437  439  439  479  500  479  500  439  500
479  500  439  479  399  439  338  458  458  479
500  359  399  399  500  479  420  418  399  500
479  460  460  460  439  458  439  399  380  460
338  439  500  420  500  418  418  239  479  479
437  340  458  479  460  420  420  399  460  500
500  439  418  439  420  460  500  458  500  439
378  500  300  439  500  500  460  460  439  460
479  500  500  439  479  420  460  460  397  380
439  399  479  460  380  460  460  378  397  439
