0.0
0.0
0.0
0.0
0.0
0.0
0.0
0.0
0.0
0.0
0.0
0.0
0.0
0.0
0.0
0.0
0.0
0.0
0.0
0.0
0.0
24.599999999999998
19.200000000000003
28.422526277584826
28.718635065058372
25.008998380582938
25.0009999800008
30.990482409927086
25.400984232899322
30.13038333642637
30.62678566222711
28.718635065058372
18.3
24.91505568928153
25.0009999800008
30.623520372419627
24.60101623917191
30.62678566222711
30.459973736035952
24.60101623917191
30.904530412222734
30.708956348270778
30.50065573065602
28.722116913625992
30.503934172496503
30.62433672751134
18.6
30.54242950388852
25.203967941576185
30.376964957019652
24.800000000000004
30.507212262020925
28.41196930872621
61.58254622861904
30.50065573065602
30.62678566222711
30.252437918290152
28.572889248376683
31.012900541548834
29.48575927460577
28.625338425947035
30.621071176560758
28.722116913625992
30.801947990346324
30.503934172496503
18.900000000000002
25.01599488327418
122.16153240689148
31.107716084598685
30.752073100849643
31.601265797432863
30.376964957019656
28.107650204170394
28.415488734139345
35.858750675393026
1.268857754044952
18.93171941478111
25.219833464953727
1.2489995996796797
1.2489995996796797
24.961770770520268
19.036806454865268
24.96577657514382
12.490396310766124
30.87005021051958
18.853381659532594
38.07308760791538
20.65647598212241
19.093454375780198
20.6920274502041
90.44119636537323
1.2489995996796797
16.990879906585178
29.00706810417075
24.98179337037275
37.443423988732654
24.64731222669117
39.99699988749156
17.218884981322105
33.371245107127784
33.371245107127784
36.978507271116285
18.12760326132498
28.47033543883879
8.924124606929242
24.212600025606502
32.269025395880796
27.28461104725519
36.709807953733566
27.931344400153748
41.197208643304954
36.98770065846213
77.08436936240706
40.486540973513655
12.369721096289924
41.39673900200353
27.746170906991832
13.130118049735882
35.995694186944085
23.95600133578223
32.46906219772908
24.29835385370787
32.95087252259035
24.544653185571804
18.471870506258966
20.95805334471692
28.733255993708752
41.88078318274385
26.97424697744128
33.01757107965393
27.66297164080533
27.887093789063066
28.06136133547337
36.54873458821796
38.51246551442792
28.49368351056072
41.240271580095104
33.106041744672524
48.66990856782043
0.9797958971132711
33.04481805064147
24.244793255460024
34.536357653927546
32.6289748536481
30.80973872008654
18.272657168567466
33.03467874824879
13.234802605252563
25.023189245178163
28.433079326727874
20.45116133621756
40.91698913654327
33.097431924546655
42.452326202459155
24.425396619093007
26.14880494401226
44.9743260094023
25.46153962351845
25.606444501335982
32.756068140117186
25.694551951727043
24.31234254447728
27.749054037930733
42.678917512045686
0.9219544457292888
37.014186469514634
71.95971094994754
21.98658682015014
47.81422382513387
24.862823652996454
32.379623222020356
35.40127116361784
32.61303420413378
70.39005611590318
38.42655331928691
30.95868214249437
22.904148095923585
41.19271780302922
1.2041594578792296
16.011246047700347
31.331134674633155
20.713280763799826
29.46455497712463
59.22803390287407
29.3025596151599
27.8539045736859
42.44949940812023
65.98211878986609
94.06359550857069
27.74454901417574
26.969612529660115
77.71364101623344
33.63985731242034
20.815619135639473
40.641850351577254
68.09118885729636
25.615620234536586
54.61144568677889
75.78001055687443
55.357835940361696
55.357835940361696
86.87974447476235
84.59101607144815
109.99186333543041
52.79734841826813
92.46491226405831
113.89890254080589
92.08827286902496
117.56619412058895
52.16703940228926
76.12358373066786
116.98568288470175
111.15129328982187
69.40605160935176
78.36000255232257
58.571409407662365
88.60812603819133
101.29679165699177
76.27843732012343
86.58267725128394
96.48087893463658
66.13992742663088
49.91753199027372
46.247702645645006
57.74114650749498
86.49329453778485
86.64179130188849
66.55794467980513
69.86880562883553
93.71664740055526
96.68505572217457
123.78465171417656
82.03072595070702
91.215623661739
43.70366117386506
66.22960063294961
107.23642105180497
73.98033522497718
79.35798636558263
75.98427468891178
62.11030510309863
93.17746508679016
54.12661083053326
88.59825054706215
68.06621775888536
53.17414785400891
90.40182520281324
43.54813428839403
69.7917616914776
88.86191535185363
84.40385062306103
58.58839475527555
76.40968524997339
69.45674913210378
94.85905333704316
71.2042133584804
69.96720660423709
45.82182885918021
58.999067789245615
70.80564949211328
43.20520801940433
75.13348121842884
81.03092002439563
100.32252987240703
79.84666555342183
80.9953085061104
64.08712819279702
68.51102101122126
64.13119365800078
78.84928661693776
104.47487736293353
71.91077805169402
35.77988261579403
103.12225753929168
86.29281545992112
79.93678752614468
82.05760171976756
134.2444039802032
85.73336573353458
98.31581764904364
71.34290434233807
81.14068030279263
48.926577644466406
77.8799717514073
75.45965809623047
97.63626375481601
90.85818620245509
54.323935792613554
100.87893734571156
80.26231992660068
77.99256374809076
84.57901631019364
78.8684981472324
65.41681740959277
74.92289369745404
81.64337082703041
59.44207264219511
74.52925600058008
79.94529379519473
85.45460783363293
85.45460783363293
66.03968503861901
82.75723533323234
103.26838819309616
61.165022684537604
52.012402367127784
58.447326713888295
96.0249967456391
117.31240343629484
61.59707785276831
84.39460883255518
68.72415877986431
82.36388771785849
85.26200795195948
84.13495112020925
73.74286406154836
79.6527463431111
62.56684425476484
96.02520502451426
56.726008144412916
79.37379920351552
80.985245569795
65.07265170561286
63.96123826193486
188.2932818769698
119.45526359269397
166.24331565509635
139.8972480072428
25.632011235952593
161.0468565356058
180.69203081486467
80.85047928120154
40.267108165350045
119.20637566841799
119.21916792194114
114.35125709846831
108.56099667928625
38.371994996351184
63.331271896275695
153.44236703075197
133.39490245133058
99.8621049247411
99.79203375019472
120.99012356386781
61.42670429056079
130.88300118808402
121.67205924122433
111.88927562550398
155.62146381524627
119.00037815065967
46.05529285543628
121.36127883307756
67.72333423569752
44.88217909148351
123.26394444443193
118.70383313103247
154.20687403614664
117.92455215094098
117.98682129797379
125.69283989153877
121.73171320572138
160.56279145555484
115.13800415153982
47.02722615677008
60.78519556602577
74.065106494219
162.91436400759758
115.5
162.24672569885655
127.72063263231983
51.85171164002207
151.08768976988165
115.6295809903331
126.36253400434798
141.36580208805808
27.29487131312401
113.9910522804312
125.78477650335911
143.66380894296236
0.0
0.0
157.79049401025398
123.55808350731246
176.6707672480085
149.57727100064366
155.63945515196332
120.2146413711741
135.47475779642494
114.90082680294341
153.06024957512645
111.37396464165222
46.244567248488764
121.92702735652995
138.2240572404095
115.06850133724694
182.39629930456374
0.0
0.0
0.0
157.2779704853798
157.2779704853798
151.50630349922739
120.3664820454598
99.73209112417126
153.74797559642857
33.02196238868914
138.81642554107205
72.27094852013497
146.47320574084532
138.20350936209977
56.311721692734636
179.14879290690183
0.0
78.9
66.3
0.0
150.0436269889528
114.13220404425738
148.6312214845858
154.38860061545995
143.44044060166576
154.00376618771372
159.4170944409664
156.0583544703711
122.74363527287271
138.024237002057
152.84505225881534
107.08613355612388
184.96821348545268
90.29999999999998
0.0
115.5
137.52105293372355
25.776733695330755
120.34932488385633
115.38717433059881
123.65520611765605
181.90934555431724
166.40913436467363
141.86838971384708
175.74871265531362
134.932612810988
117.9845752630402
160.33040884373744
147.7479272274234
172.30658722173104
184.09877783407472
102.29999999999998
0.0
161.28000496031737
181.4578738991505
151.979077507399
148.72084588247878
150.34440461819653
166.70215955409816
183.54784117499176
139.35508602128593
112.38843356858392
136.05105659273656
45.5772969799658
127.5
0.0
0.0
90.29999999999998
140.9269669012996
123.85378476251745
156.50012779547498
116.00556021156916
122.29427623564399
121.08513533873592
127.339546096254
78.3387515856616
0.0
0.0
0.0
0.0
114.07295910951026
166.12477238509615
175.58120628358833
152.48609772697313
155.38754776364803
120.5659985236302
160.7205338467988
118.47282388801239
90.29999999999998
102.9
75.12922201114557
150.66549040838783
103.5
0.0
0.0
69.0542540326083
150.8222795212962
51.010195059419246
146.60027285104212
118.01254170637966
47.78294674881406
138.81628146582807
168.7234423546414
117.9500317931284
117.9500317931284
144.45210278843297
59.472766876949656
112.5167098701344
182.7530847892861
0.0
0.0
115.5
90.89999999999999
0.0
97.2
67.5
169.19341003715243
151.06634304172456
157.03964467611357
146.24623072065825
46.407003781756906
78.14115432984082
181.28345208540134
173.79876294151234
122.37111587298695
114.78693305424622
163.75179388330378
123.25019269761813
118.62782135738648
125.9432014838435
169.27459939400242
0.0
0.0
150.37981912477485
115.77115357462756
155.77499799390145
