414
652
870
1181
2439
4360
5470
6349
7984
8928
13488
15415
18291
22509
27014
30394
32483
35301
37988
40947
45031
47160
50617
55739
59820
62077
65103
71355
73566
77240
83187
88762
90736
95247
97310
100898
106927
111098
114996
119900
122274
125872
129498
132468
134653
138096
141150
145302
148863
151167
155953
159337
161779
165182
169254
171580
173948
177151
179836
183341
188987
193590
197339
200503
203958
207029
210426
213665
216762
220159
222264
226495
229750
232755
235826
239669
242615
245550
248497
254384
259215
263994
267639
270700
273077
276910
282804
286513
290420
293743
297912
301687
304633
307186
310175
316061
318638
321579
323436
324335
324335
325493
326828
328240
329902
331312
332524
333810
335025
335989
337711
338410
339746
341166
342958
344237
345393
346860
348013
349488
350385
351466
352683
354234
356084
357042
358250
360207
361326
362239
363564
365548
366962
367982
369340
370603
372654
373567
374574
376495
377325
378610
379506
381040
382642
383601
384938
385838
387186
388202
389232
390956
391918
392876
393777
394991
396653
397934
399278
400687
402732
403760
404719
405804
406640
408055
409006
410222
411377
412529
414010
414796
415765
417378
418292
419119
420466
421489
423347
425205
426415
428142
429227
431218
432368
433646
435442
436657
437548
438383
439340
440433
441389
442543
443820
444794
445903
447088
448104
449073
449073
450216
451178
452538
453741
455524
457063
458791
459748
461029
461674
462258
462783
463401
464013
464621
465212
465785
466468
467114
467733
468397
469098
469865
470506
471146
471798
472428
473061
473588
474086
474669
475195
475744
476395
477034
477620
478124
478756
479332
479976
480548
481197
481764
482408
483049
483604
484261
484967
485517
486013
486635
487158
487821
488303
488936
489579
490216
490852
491494
492135
492709
493350
493990
494631
495269
495912
496486
497191
497773
498335
498988
499753
500388
500966
501540
502097
502694
503272
503844
504492
505063
505707
506278
506858
507480
508078
508713
509329
509924
510458
511026
511663
512366
513068
513579
514218
514806
515433
516068
516068
516774
517354
517930
518632
519273
519931
520622
521321
521972
522536
523173
523880
524461
525094
525645
526255
526947
527527
528171
528870
529522
530281
532019
532964
533375
533816
534356
534814
535204
535584
536094
536508
537118
537694
538141
538559
538911
539489
539884
540387
540834
541370
541818
542366
543014
543583
544158
544630
545017
545436
545852
546407
546878
547258
547682
548190
548542
549116
549730
550238
550762
551201
551778
552287
552739
553257
553507
553787
554213
554749
555326
555744
556124
556605
557024
557541
558139
558485
558735
559057
559359
559841
560238
560633
561083
561565
561967
562429
562870
563426
563903
564259
564703
565214
565537
565823
566033
566305
566814
566814
567294
567708
568096
568509
568928
569329
569790
570204
570717
571168
571449
571665
571921
572145
572385
572861
573308
573758
574174
574558
574943
575293
575727
576163
576699
577085
577510
577891
578111
578339
578591
578847
579231
579742
580220
580725
581227
581757
582205
582585
582975
583456
583843
584289
584703
585117
585334
585570
585949
586410
586812
587231
587679
588158
588537
588956
589408
589916
590304
590511
590709
590929
591185
591649
592092
592668
593275
593721
595007
596638
597671
598177
598415
598625
598897
599541
600508
600930
601343
602850
603519
603903
604304
604566
604790
605994
608317
608547
608783
609015
609466
609887
610235
610723
611229
611774
613041
614173
614622
614622
615038
615516
616287
617370
617446
617570
617688
617805
617883
617998
618111
618529
618977
621153
623393
623779
624352
624858
625213
628194
631094
634530
635005
635422
635932
637702
637791
637877
638782
639139
639549
