14
26
38
49
75
111
135
155
186
206
276
309
352
419
488
539
574
618
662
710
774
808
858
933
996
1032
1080
1175
1209
1265
1357
1442
1472
1540
1572
1628
1718
1783
1842
1914
1950
2006
2060
2106
2143
2195
2243
2306
2359
2396
2469
2521
2558
2610
2673
2708
2746
2795
2836
2890
2973
3041
3096
3145
3198
3245
3296
3345
3393
3444
3477
3540
3591
3638
3685
3745
3791
3836
3881
3972
4046
4117
4173
4220
4257
4313
4402
4459
4519
4571
4632
4691
4736
4776
4822
4913
4951
4997
5026
5040
5040
5058
5079
5101
5125
5147
5166
5187
5207
5222
5249
5260
5281
5301
5329
5349
5367
5390
5408
5432
5447
5463
5482
5506
5535
5550
5569
5600
5618
5634
5656
5687
5709
5725
5747
5766
5798
5813
5830
5860
5875
5895
5910
5934
5959
5974
5995
6009
6030
6046
6062
6089
6105
6121
6135
6154
6180
6201
6221
6242
6273
6289
6304
6321
6334
6356
6372
6391
6410
6428
6452
6465
6481
6506
6520
6533
6554
6570
6599
6628
6647
6674
6691
6722
6741
6762
6789
6808
6823
6837
6851
6869
6885
6904
6925
6942
6960
6978
6995
7011
7011
7030
7046
7068
7087
7115
7140
7168
7185
7205
7215
7225
7235
7245
7255
7265
7275
7285
7295
7305
7315
7325
7335
7345
7355
7365
7375
7385
7395
7405
7415
7425
7435
7445
7455
7465
7475
7485
7495
7505
7515
7525
7535
7545
7555
7565
7575
7585
7595
7605
7615
7625
7635
7645
7655
7665
7675
7685
7695
7705
7715
7725
7735
7745
7755
7765
7775
7785
7795
7805
7815
7825
7835
7845
7855
7865
7875
7885
7895
7905
7915
7925
7935
7945
7955
7965
7975
7985
7995
8005
8015
8025
8035
8045
8055
8065
8075
8085
8095
8105
8105
8115
8125
8135
8145
8155
8165
8175
8185
8195
8205
8215
8225
8235
8245
8255
8265
8275
8285
8295
8305
8315
8325
8335
8345
8355
8365
8375
8385
8395
8405
8415
8425
8435
8445
8455
8465
8475
8485
8495
8505
8515
8525
8535
8545
8555
8565
8575
8585
8595
8605
8615
8625
8635
8645
8655
8665
8675
8685
8695
8705
8715
8725
8735
8745
8755
8765
8775
8785
8795
8805
8815
8825
8835
8845
8855
8865
8875
8885
8895
8905
8915
8925
8935
8945
8955
8965
8975
8985
8995
9005
9015
9025
9035
9045
9055
9065
9075
9085
9095
9095
9105
9115
9125
9135
9145
9155
9165
9175
9185
9195
9205
9215
9225
9235
9245
9255
9265
9275
9285
9295
9305
9315
9325
9335
9345
9355
9365
9375
9385
9395
9405
9415
9425
9435
9445
9455
9465
9475
9485
9495
9505
9515
9525
9535
9545
9555
9565
9575
9585
9595
9605
9615
9625
9635
9645
9655
9665
9675
9685
9695
9705
9715
9725
9735
9745
9755
9765
9775
9785
9795
9805
9815
9825
9835
9845
9855
9865
9875
9885
9895
9905
9915
9925
9935
9945
9955
9965
9975
9985
9995
10005
10015
10025
10035
10045
10055
10065
10075
10085
10085
10095
10105
10115
10125
10135
10145
10155
10165
10175
10185
10195
10205
10215
10225
10235
10245
10255
10265
10275
10285
10295
10305
10315
10325
10335
10345
10355
10365
10375
10385
10395
