-5.0
-5.0
-5.0
-5.0
-5.0
-5.0
-5.0
-5.0
-5.0
-5.0
-5.0
-5.0
-5.0
-5.0
-5.0
-5.0
-5.0
-5.0
-5.0
-5.0
-5.0
-4.18
-3.622
-1.8997999999999997
-0.32981999999999956
0.4531620000000004
1.1578458000000005
3.072061220000001
3.534855098000001
5.141369588200001
6.627232629380001
7.344509366442001
6.720058429797801
10.52805258681802
10.225247328136218
11.202722595322596
10.812450335790338
11.731205302211304
13.788084771990174
13.139276294791157
14.415348665312042
16.23381379878084
16.600432418902756
16.32038917701248
16.67835025931123
18.260515233380108
16.5544637100421
18.139017339037892
17.085115605134106
18.596604044620697
17.476943640158627
17.719249276142765
17.30732434852849
18.346591913675642
18.501932722308077
18.65173945007727
18.756565505069542
18.25090895456259
19.02581805910633
18.5532362531957
20.56791262787613
21.761121365088517
20.965009228579664
21.448508305721695
21.293657475149526
19.294291727634572
21.864862554871117
25.938376299384007
25.954538669445608
25.36908480250105
25.492176322250945
24.92295869002585
23.770662821023265
25.23359653892094
26.360236885028847
29.494213196525962
31.714791876873367
33.08331268918603
35.554981420267424
37.81948327824068
38.527534950416616
39.87478145537496
40.377303309837465
42.60957297885372
41.62861568096835
42.615754112871514
43.73417870158437
44.77076083142593
45.51368474828334
46.38231627345501
50.51408464610952
51.282676181498566
52.76440856334871
51.41796770701384
50.766170936312456
50.219553842681215
51.807598458413096
54.94683861257179
57.14215475131461
58.687939276183144
58.687939276183144
59.48914534856483
60.91023081370835
63.09920773233752
63.32928695910377
64.7463582631934
66.36172243687406
65.77555019318666
66.667995173868
67.6811956564812
68.34307609083308
68.39876848174978
70.0588916335748
69.87300247021733
69.4157022231956
70.58413200087604
69.37571880078843
68.93814692070958
69.15433222863862
67.92889900577477
67.99600910519729
68.12640819467757
70.03376737520982
70.09039063768884
69.75135157391996
69.81621641652796
70.73459477487518
71.96113529738766
72.29502176764889
69.48551959088401
68.97696763179562
68.28927086861606
69.82034378175445
71.56830940357901
72.48147846322112
73.54333061689901
73.46899755520911
72.35209779968821
73.5968880197194
72.15719921774746
70.56147929597272
70.23533136637545
70.6917982297379
69.67261840676412
71.0453565660877
71.05082090947894
72.65573881853105
71.87016493667795
72.20314844301015
72.92283359870913
72.58055023883823
72.8224952149544
71.78024569345895
73.30222112411306
72.87199901170176
73.26479911053158
73.82831919947843
71.03548727953059
71.22193855157754
72.01974469641979
72.14777022677781
71.64299320410002
70.34869388369003
71.62382449532103
70.31144204578892
69.93029784121003
71.93726805708903
70.37354125138012
70.6361871262421
69.4525684136179
69.16731157225611
67.9005804150305
67.18052237352745
69.7424701361747
71.66822312255724
69.66140081030152
70.39526072927137
71.21573465634424
69.9441611907098
69.86974507163883
71.44277056447496
69.73849350802746
70.44464415722472
72.52017974150225
71.72816176735202
70.79534559061682
69.93581103155515
71.40222992839963
73.28200693555966
71.7738062420037
72.07642561780334
74.338783056023
70.46490475042071
68.90841427537865
69.53757284784078
69.8138155630567
67.45243400675103
67.97719060607594
70.40947154546835
66.17852439092151
66.17852439092151
69.57067195182937
76.47360475664644
80.7962442809818
86.83661985288363
92.83295786759527
99.72966208083575
107.00669587275218
109.07602628547696
115.66842365692926
116.70158129123635
119.48142316211272
118.86328084590144
124.8769527613113
129.27925748518015
127.28133173666214
128.75319856299592
132.93787870669632
136.7440908360267
142.98968175242402
140.5107135771816
143.14964221946346
142.9546779975171
146.00921019776538
146.86828917798886
143.79146026018998
147.712314234171
148.6610828107539
143.6449745296785
142.51047707671066
144.0594293690396
142.91348643213564
139.5621377889221
138.69592401002987
139.1563316090269
141.7606984481242
139.83462860331178
136.66116574298061
137.40504916868255
137.0945442518143
139.0950898266329
139.8455808439696
141.17102275957265
141.9039204836154
145.64352843525387
149.5891755917285
144.62025803255565
148.0982322293001
148.1784090063701
145.6005681057331
144.31051129515978
146.5794601656438
144.36151414907943
144.5853627341715
139.08682646075437
140.03814381467893
141.66432943321104
145.03789648988993
146.64410684090092
146.23969615681082
140.50572654112972
138.71515388701675
141.9136384983151
143.2522746484836
149.43704718363523
147.95334246527173
149.43800821874456
151.17420739687012
150.5267866571831
150.70410799146478
146.83369719231828
148.43032747308646
151.0872947257778
151.87856525320004
150.14070872788002
151.01663785509203
148.76497406958282
154.16847666262456
153.18162899636212
155.76346609672592
155.85711948705332
154.701407538348
154.9612667845132
153.7751401060619
151.21762609545573
152.73586348591016
152.13227713731914
151.62904942358725
149.94614448122852
155.69153003310566
151.3823770297951
151.9141393268156
149.78272539413405
149.12445285472063
146.5520075692486
143.93680681232374
140.56312613109137
141.73681351798223
141.013132166184
140.6218189495656
140.6218189495656
141.21963705460905
142.57767334914814
142.53990601423334
147.00591541281
146.195323871529
149.8857914843761
151.79721233593853
155.31749110234466
149.6857419921102
149.36716779289918
150.50045101360925
156.78040591224834
154.1723653210235
152.04512878892115
147.11061591002905
147.71955431902614
149.87759888712355
149.3498389984112
149.1548550985701
150.33936958871308
151.7754326298418
153.9478893668576
144.11310043017184
153.12179038715465
170.92961134843918
180.4766502135953
188.26898519223576
206.9420866730122
205.837878005711
206.42409020513992
218.48168118462593
232.97351306616335
234.55616175954702
240.17054558359231
248.22349102523307
255.49114192270977
267.2720277304388
275.49482495739494
277.02534246165544
276.8228082154899
282.0805273939409
284.4224746545468
288.5102271890921
295.9992044701829
292.31928402316464
293.9973556208482
294.3676200587634
293.5908580528871
296.74177224759836
303.17759502283855
306.33983552055474
308.2558519684993
312.3602667716494
316.62424009448443
316.061816085036
314.3356344765324
316.80207102887914
316.41186392599127
314.4806775333921
317.56260978005287
310.4763488020476
310.9087139218429
314.5978425296586
317.8980582766927
320.4482524490234
303.9134272041211
276.872084483709
256.78487603533813
260.5863884318043
269.2277495886239
271.9149746297615
277.8234771667854
283.35112945010684
284.10601650509614
293.02541485458653
293.6028733691279
292.7125860322151
270.8513274289936
243.26619468609425
218.43957521748484
227.25561769573636
235.63005592616273
237.88705033354645
242.37834530019182
245.58051077017265
249.30245969315538
253.10221372383984
258.49199235145585
260.48279311631023
264.7145138046792
275.7630624242113
281.6867561817902
281.6280805636112
284.9452725072501
283.6807452565251
254.81267073087258
228.83140365778533
205.4482632920068
199.8234369628061
199.8234369628061
209.3210932665255
223.27898393987294
235.86108554588566
241.7149769912971
255.6934792921674
259.02413136295064
265.6317182266556
270.36854640399
268.96169176359103
277.83552258723194
266.7419703285088
239.5677732956579
217.7409959660921
197.6768963694829
177.4092067325346
186.87828605928115
200.11045745335304
207.93941170801773
217.00547053721598
226.02492348349438
232.84243113514492
240.42818802163043
241.0153692194674
250.01383229752065
252.7224490677686
256.32020416099175
264.0481837448926
259.38336537040334
235.955028833363
211.8595259500267
194.023573355024
180.98121601952164
200.82309441756948
214.26078497581256
225.13470647823132
233.15123583040818
232.80611224736737
234.12550102263063
236.15295092036757
234.90765582833083
239.24689024549775
244.802201220948
250.9819810988532
253.9337829889679
253.16040469007112
249.564364221064
227.5179277989576
204.26613501906184
197.49952151715564
202.3295693654401
211.1366124288961
220.1329511860065
225.97965606740587
230.2516904606653
225.79652141459874
231.9568692731389
239.481182345825
245.64306411124252
257.66875770011825
235.65188193010644
211.5866937370958
189.9280243633862
173.44522192704758
181.73069973434283
197.07762976090856
202.5798667848177
214.83188010633597
225.83869209570238
224.32482288613215
218.21234059751893
199.57110653776704
179.11399588399033
160.7025962955913
144.13233666603216
129.21910299942894
120.93719269948605
134.48347342953744
146.8551260865837
161.79961347792533
161.2096521301328
153.60868691711954
161.4378182254076
176.16403640286686
161.05763276258017
147.88186948632216
138.39368253768995
138.76431428392095
127.83788285552886
114.55409456997597
102.59868511297837
128.02881660168055
143.04593494151248
165.90134144736123
175.17120730262513
186.73408657236263
202.19067791512637
188.35161012361374
182.81644911125238
197.40480420012716
197.40480420012716
205.33432378011446
218.13089140210303
227.64780226189274
225.69302203570348
202.62371983213313
181.86134784891982
167.02521306402784
152.85269175762505
137.06742258186256
126.1006803236763
115.24061229130868
123.68655106217781
138.37789595596004
143.79010636036404
143.49109572432764
167.31198615189487
183.7407875367054
182.85670878303486
190.20103790473138
182.17093411425824
173.11384070283242
170.5524566325492
185.96721096929429
201.69048987236485
211.63144088512837
213.25829679661553
191.43246711695397
171.7892204052586
161.60029836473274
175.32026852825948
187.83824167543355
