-90.2
-88.73
-80.807
-74.03630000000001
-67.75267000000002
-62.15740300000002
-57.41166270000002
-52.510496430000025
-48.30944678700002
-44.29850210830002
-40.878651897470014
-37.860786707723015
-35.00470803695072
-32.52423723325565
-30.311813509930083
-28.530632158937074
-26.647568943043368
-25.36281204873903
-23.76653084386513
-22.45987775947862
-21.343889983530758
-20.329500985177685
-19.146550886659917
-18.261895797993926
-17.345706218194533
-16.64113559637508
-16.07702203673757
-15.589319833063813
-15.180387849757432
-14.562349064781689
-14.18611415830352
-14.017502742473168
-13.745752468225852
-13.581177221403266
-13.36305949926294
-13.146753549336646
-13.332078194402982
-13.408870374962683
-13.317983337466416
-13.126185003719774
-12.863566503347798
-12.627209853013019
-12.434488867711718
-12.421039980940547
-12.358935982846493
-12.263042384561844
-11.95673814610566
-12.041064331495097
-11.986957898345588
-11.978262108511029
-12.060435897659925
-11.984392307893934
-11.925953077104541
-11.843357769394087
-11.96902199245468
-12.002119793209213
-11.851907813888293
-11.616717032499462
-11.305045329249516
-11.244540796324566
-11.310086716692108
-11.139078045022899
-11.435170240520609
-11.481653216468548
-11.543487894821695
-11.409139105339525
-11.548225194805575
-11.523402675325018
-11.441062407792517
-11.496956167013266
-11.44726055031194
-11.392534495280746
-11.363281045752672
-11.256952941177405
-11.131257647059664
-11.118131882353698
-11.116318694118327
-10.944686824706494
-11.020218142235844
-10.988196328012261
-11.009376695211035
-11.18843902568993
-11.21959512312094
-11.177635610808846
-11.019872049727962
-11.187884844755166
-11.60909636027965
-11.578186724251687
-11.780368051826517
-11.832331246643866
-11.78909812197948
-11.470188309781532
-11.45316947880338
-11.487852530923043
-11.629067277830739
-11.486160550047664
-11.477544495042899
-11.459790045538611
-11.513811040984752
-11.422429936886278
-11.422429936886278
-11.39018694319765
-11.291168248877884
-11.542051423990097
-11.457846281591088
-11.34206165343198
-11.097855488088783
-11.098069939279904
-10.798262945351915
-10.908436650816723
-10.867592985735051
-11.140833687161546
-11.216750318445392
-11.425075286600853
-11.392567757940768
-11.533310982146691
-11.569979883932023
-11.25298189553882
-11.36768370598494
-11.450915335386446
-11.675823801847802
-11.668241421663023
-11.561417279496721
-11.525275551547049
-11.082747996392342
-11.554473196753108
-11.679025877077798
-11.761123289370019
-11.815010960433018
-11.873509864389716
-11.976158877950745
-11.95854299015567
-11.832688691140104
-11.769419822026093
-11.662477839823485
-11.836230055841137
-11.652607050257023
-11.747346345231321
-11.592611710708189
-11.44335053963737
-11.239015485673633
-11.175113937106271
-11.087602543395644
-10.898842289056079
-11.058958060150472
-10.953062254135425
-10.877756028721882
-10.849980425849694
-10.944982383264724
-10.80048414493825
-10.860435730444426
-10.814392157399983
-10.902952941659985
-11.052657647493987
-11.157391882744587
-11.26165269447013
-11.215487425023117
-11.113938682520805
-10.952544814268725
-10.787290332841852
-10.608561299557667
-10.5677051696019
-10.75093465264171
-10.82584118737754
-10.823257068639785
-10.790931361775808
-11.021838225598229
-11.139654403038406
-11.255688962734567
-11.410120066461111
-11.429108059815
-11.586197253833502
-11.807577528450153
-11.656819775605138
-11.561137798044625
-11.545024018240163
-11.630521616416146
-11.507469454774533
-11.576722509297081
-11.539050258367373
-11.585145232530635
-11.476630709277574
-11.778967638349815
-12.091070874514834
-12.181963787063351
-11.973767408357016
-11.736390667521317
-11.852751600769185
-11.657476440692268
-11.641728796623042
-11.667555916960737
-11.700800325264662
-11.700720292738197
-11.660648263464378
-11.714583437117941
-11.833125093406146
-11.92981258406553
-12.066831325658978
-12.01014819309308
-12.049133373783773
-12.049133373783773
-12.274220036405396
-11.966798032764856
-11.780118229488371
-11.802106406539533
-11.651895765885579
-11.65670618929702
-11.581035570367318
-11.562932013330586
-11.496638811997528
-11.436974930797776
-11.523277437717999
-11.480949693946199
-11.592854724551579
-11.64356925209642
-11.559212326886778
-11.3932910941981
-11.443961984778289
-11.15956578630046
-11.343609207670415
-11.099248286903375
-11.219323458213038
-11.317391112391736
-11.255652001152562
-11.160086801037306
-11.324078120933574
-11.251670308840218
-11.316503277956196
-11.444852950160577
-11.27036765514452
-11.333330889630068
-11.549997800667061
-11.694998020600355
-12.055498218540322
-12.01994839668629
-12.09795355701766
-12.098158201315893
-12.098342381184306
-12.158508143065875
-12.102657328759287
-12.162391595883358
-12.226152436295024
-12.243537192665523
-12.42918347339897
-12.616265126059073
-12.614638613453165
-12.463174752107848
-12.376857276897065
-12.139171549207358
-12.205254394286623
-11.87472895485796
-11.887256059372167
-11.88853045343495
-11.959677408091455
-11.86370966728231
-11.87733870055408
-11.949604830498673
-11.904644347448807
-11.934179912703927
-12.020761921433536
-12.078685729290182
-12.280817156361165
-11.762735440725049
-11.316461896652545
-11.37481570698729
-11.387334136288562
-11.648600722659706
-11.713740650393737
-11.802366585354363
-11.932129926818927
-12.048916934137035
-12.084025240723332
-11.955622716650998
-11.890060444985899
-11.88105440048731
-11.86294896043858
-11.726654064394722
-11.78398865795525
-11.655589792159725
-11.870030812943753
-12.223027731649378
-12.17072495848444
-12.043652462635997
-11.999287216372398
-11.94935849473516
-12.034422645261643
-12.080980380735479
-11.942882342661932
-12.05859410839574
-12.152734697556166
-12.20746122780055
-12.366715105020496
-12.260043594518448
-12.434039235066605
-12.410635311559945
-12.409571780403951
-12.628614602363555
-12.585753142127201
-12.69717782791448
-12.737460045123033
-12.737460045123033
-12.87371404061073
-12.916342636549658
-12.844708372894694
-12.990237535605225
-13.021213782044702
-13.039092403840232
-12.97518316345621
-12.80766484711059
-12.776898362399532
-12.849208526159579
-13.154287673543621
-13.31885890618926
-13.276973015570334
-13.139275714013301
-12.845348142611972
-12.850813328350775
-12.975731995515698
-13.068158795964129
-13.151342916367717
-13.006208624730945
-12.98558776225785
-12.837028986032067
-12.89332608742886
-12.653993478685976
-12.658594130817379
-12.612734717735641
-12.511461245962078
-12.720315121365871
-12.498283609229285
-12.348455248306356
-12.43360972347572
-12.420248751128149
-12.188223876015334
-12.029401488413802
-12.026461339572421
-11.82381520561518
-12.091433685053662
-12.022290316548297
-12.050061284893468
-11.825055156404122
-11.93254964076371
-11.85929467668734
-11.823365209018606
-11.841028688116747
-11.726925819305073
-11.654233237374566
-11.938809913637108
-12.094928922273397
-12.075436030046056
-12.19789242704145
-12.548103184337306
-12.653292865903575
-12.707963579313217
-12.767167221381897
-12.580450499243707
-12.402405449319337
-12.352164904387402
-12.336948413948663
-12.413253572553797
-12.14192821529842
-11.997735393768577
-11.95796185439172
-11.782165668952548
-11.863949102057292
-11.907554191851563
-11.766798772666409
-11.860118895399768
-11.824107005859792
-11.741696305273813
-11.617526674746433
-11.77577400727179
-11.79819660654461
-11.97837694589015
-11.800539251301133
-11.76048532617102
-11.734436793553918
-11.670993114198525
-11.533893802778673
-11.780504422500806
-11.632453980250725
-11.939208582225653
-11.785287724003087
-11.826758951602779
-11.7540830564425
-11.85867475079825
-12.012807275718426
-11.801526548146585
-11.701373893331926
-11.391236503998734
-11.402112853598862
-11.221901568238977
-11.199711411415079
-11.269740270273571
-11.112766243246215
-11.391489618921595
-11.282340657029435
-11.194106591326491
-11.244695932193842
-11.310226338974458
-11.310226338974458
-11.689203705077011
-11.72028333456931
-11.638255001112379
-11.614429501001142
-11.782986550901029
-11.644687895810925
-11.260219106229833
-11.334197195606851
-11.300777476046166
-11.380699728441549
-11.232629755597394
-11.199366780037655
-11.109430102033889
-11.5184870918305
-11.58663838264745
-11.707974544382704
-11.767177089944434
-11.720459380949992
-11.798413442854992
-11.858572098569493
-11.842714888712544
-11.91844339984129
-12.066599059857161
-12.239939153871447
-12.195945238484303
-12.156350714635872
-12.160715643172285
-11.844644078855056
-11.940179670969552
-12.036161703872597
-11.962545533485338
-12.086290980136805
-12.177661882123125
-12.379895693910813
-12.031906124519733
-11.97871551206776
-11.800843960860984
-11.820759564774885
-11.818683608297397
-11.706815247467658
-11.806133722720892
-11.985520350448802
-12.136968315403921
-12.253271483863529
-12.257944335477177
-12.11214990192946
-11.910934911736513
-11.989841420562861
-11.960857278506575
-12.014771550655917
-12.063294395590326
-11.976964956031292
-11.919268460428164
-11.867341614385348
-11.670607452946813
-11.553546707652133
-11.52819203688692
-11.545372833198229
-11.670835549878408
-11.533751994890567
-11.41037679540151
-11.419339115861359
-11.427405204275223
-11.244664683847702
-11.190198215462933
-11.41117839391664
-11.590060554524976
-11.621054499072478
-11.688949049165231
-11.65005414424871
-11.68504872982384
-11.516543856841457
-11.654889471157311
-11.859400524041579
-11.663460471637421
-11.55711442447368
-11.781402982026313
-11.833262683823682
-11.819936415441314
-11.947942773897182
-12.243148496507464
-12.228833646856717
-12.095950282171046
-12.146355253953942
-11.961719728558547
-11.875547755702692
-11.857992980132423
-11.95219368211918
-11.946974313907262
-11.922276882516536
-11.920049194264882
-11.888044274838395
-12.009239847354555
-12.2583158626191
-12.42248427635719
-12.570235848721472
-12.473212263849325
-12.455891037464394
-12.550301933717954
-12.550301933717954
-12.37527174034616
-12.327744566311543
-12.14497010968039
-12.12047309871235
