-83  -93  -91  -100  -84  -86  -88  -87  -91  -99
-88  -83  -95  -92  -94  -98  -94  -41  -59  -11
-5  -11  -13  -13  -6  -6  -22  -9  -6  -4
-40  -16  -16  -4  -9  -7  -9  -9  -13  -8
-6  -20  -6  -15  -8  -9  -9  -9  -17  -13
-13  -8  -8  -38  -13  -3  -10  -10  -10  -5
-25  -29  -14  -22  -10  -10  -7  -16  -7  -7
-8  -10  -8  -5  -10  -11  -7  -8  -8  -9
-11  -16  -10  -11  -6  -8  -12  -8  -14  -9
-8  -12  -10  -7  -8  -8  -7  -7  -7  -8
-15  -14  -8  -10  -7  -11  -5  -15  -11  -5
-10  -6  -10  -12  -24  -6  -9  -11  -7  -12
-11  -20  -13  -10  -4  -6  -6  -6  -12  -5
-11  -11  -12  -12  -11  -8  -10  -4  -10  -13
-4  -9  -15  -8  -14  -16  -10  -13  -5  -10
-4  -12  -17  -15  -6  -18  -13  -15  -14  -11
-8  -9  -14  -9  -14  -6  -5  -17  -9  -6
-8  -13  -13  -10  -9  -11  -14  -14  -38  -8
-12  -8  -6  -10  -7  -10  -9  -10  -4  -18
-13  -13  -14  -7  -5  -10  -10  -16  -11  -8
-11  -12  -11  -13  -9  -4  -17  -16  -10  -10
-20  -11  -10  -5  -6  -14  -14  -10  -14  -8
-5  -7  -10  -6  -8  -9  -13  -12  -8  -7
-9  -10  -10  -6  -8  -12  -14  -12  -17  -5
-16  -10  -7  -9  -6  -5  -11  -8  -6  -13
-11  -10  -6  -14  -8  -12  -15  -7  -10  -10
-12  -9  -10  -5  -15  -15  -8  -16  -9  -11
-11  -15  -11  -17  -10  -9  -7  -8  -16  -8
-9  -9  -9  -13  -15  -7  -10  -17  -13  -13
-13  -9  -11  -11  -14  -3  -14  -6  -5  -4
-14  -11  -5  -7  -13  -16  -9  -13  -9  -11
-15  -12  -9  -13  -15  -13  -11  -12  -17  -8
-5  -17  -12  -7  -11  -17  -7  -14  -9  -14
-9  -7  -17  -13  -9  -14  -12  -13  -11  -16
-16  -9  -19  -9  -16  -11  -3  -7  -11  -13
-10  -9  -14  -13  -8  -9  -8  -17  -13  -11
-16  -11  -11  -15  -22  -15  -15  -17  -15  -13
-9  -15  -16  -16  -11  -13  -12  -21  -20  -8
-15  -5  -11  -9  -12  -10  -16  -8  -19  -20
-11  -13  -12  -6  -7  -15  -8  -20  -6  -16
-8  -14  -10  -6  -10  -10  -12  -15  -8  -12
-11  -13  -9  -11  -14  -10  -3  -10  -13  -11
-8  -11  -9  -8  -8  -12  -15  -13  -11  -12
-12  -12  -20  -12  -15  -19  -10  -4  -13  -6
-11  -12  -12  -16  -15  -8  -9  -11  -13  -11
-17  -15  -6  -11  -11  -8  -17  -7  -8  -14
-5  -5  -11  -12  -15  -7  -6  -9  -11  -11
-13  -6  -11  -13  -10  -7  -18  -15  -18  -17
-10  -17  -7  -12  -7  -10  -9  -12  -16  -15
-4  -17  -16  -10  -13  -18  -6  -15  -9  -11
-7  -12  -21  -11  -11  -13  -17  -10  -11  -15
-12  -9  -9  -12  -12  -11  -10  -18  -9  -11
-9  -14  -12  -13  -7  -12  -10  -12  -10  -15
-13  -9  -17  -13  -10  -14  -13  -7  -8  -7
-18  -9  -7  -15  -16  -17  -12  -5  -18  -14
-16  -9  -9  -9  -16  -15  -14  -12  -10  -13
-10  -13  -10  -11  -13  -10  -5  -9  -11  -13
-7  -13  -5  -16  -11  -6  -6  -12  -12  -7
-4  -7  -12  -5  -1  -11  -11  -13  -14  -7
-11  -13  -9  -12  -11  -9  -16  -8  -9  -9
-10  -18  -11  -15  -9  -15  -11  -14  -9  -7
-11  -8  -9  -8  -9  -9  -13  -8  -9  -12
-17  -11  -18  -15  -18  -13  -10  -14  -12  -13
-6  -11  -12  -14  -15  -9  -13  -10  -10  -19
-14  -9  -10  -5  -18  -13  -14  -12  -13  -13
-9  -17  -10  -9  -10  -9  -3  -12  -15  -8
-17  -11  -6  -19  -9  -10  -21  -10  -10  -15
-6  -20  -12  -7  -12  -6  -11  -14  -13  -12
-13  -21  -7  -5  -8  -10  -15  -11  -9  -8
-11  -16  -13  -8  -16  -18  -14  -6  -14  -4
-16  -11  -10  -7  -16  -10  -11  -9  -8  -12
-16  -4  -12  -12  -13  -19  -7  -10  -7  -9
-9  -11  -11  -15  -9  -15  -5  -14  -8  -14
-8  -12  -9  -5  -9  -20  -8  -8  -10  -14
-7  -8  -18  -5  -12  -12  -10  -5  -12  -11
-12  -21  -9  -14  -10  -11  -14  -7  -4  -8
-5  -11  -9  -11  -12  -11  -18  -7  -9  -18
-9  -12  -12  -9  -7  -11  -9  -10  -8  -7
-15  -15  -14  -13  -5  -11  -14  -14  -7  -9
-12  -4  -8  -14  -11  -14  -10  -15  -6  -13
-8  -22  -12  -10  -10  -11  -7  -7  -11  -14
-10  -9  -8  -13  -9  -18  -17  -13  -12  -19
-13  -7  -9  -13  -7  -17  -7  -14  -17  -11
-12  -14  -12  -6  -12  -3  -5  -5  -19  -20
-5  -6  -7  -12  -15  -6  -9  -14  -16  -6
-8  -12  -9  -10  -37  -10  -10  -13  -6  -12
-20  -13  -17  -6  -19  -13  -13  -16  -18  -19
-10  -9  -13  -11  -13  -13  -8  -15  -8  -13
-21  -12  -14  -11  -16  -10  -10  -12  -16  -14
-12  -10  -14  -8  -21  -9  -15  -11  -7  -16
-11  -11  -13  -10  -13  -7  -15  -10  -9  -15
-3  -12  -8  -3  -15  -10  -5  -11  -9  -10
-9  -4  -14  -18  -3  -12  -18  -11  -7  -17
-11  -10  -18  -6  -16  -13  -11  -16  -9  -8
-12  -11  -14  -10  -10  -21  -12  -13  -9  -17
-11  -15  -9  -9  -14  -4  -9  -9  -13  -9
-12  -11  -10  -11  -18  -12  -5  -7  -15  -13
-19  -13  -11  -15  -7  -7  -4  -18  -11  -8
-7  -13  -14  -7  -20  -18  -8  -4  -19  -10
-12  -5  -11  -14  -13  -10  -8  -12  -13  -8
-14  -13  -19  -7  -10  -8  -7  -12  -10  -11
-15  -12  -8  -11  -6  -12  -16  -9  -8  -7
-17  -16  -5  -6  -20  -7  -15  -20  -23  -9
-4  -10  -9  -7  -20  -12  -16  -9  -10  -10
-12  -9  -14  -13  -10  -9  -8  -15  -8  -5
-5  -11  -10  -4  -15  -12  -14  -4  -10  -4
-16  -8  -9  -13  -16  -12  -10  -7  -8  -12
-6  -16  -9  -7  -8  -3  -5  -13  -5  -9
-11  -6  -20  -11  -16  -16  -10  -14  -5  -10
-10  -15  -10  -12  -11  -9  -10  -10  -8  -10
-9  -12  -19  -15  -15  -12  -15  -6  -20  -13
-8  -10  -18  -16  -15  -12  -10  -10  -12  -8
-17  -14  -6  -13  -19  -12  -13  -15  -11  -13
-12  -8  -10  -8  -9  -8  -12  -8  -14  -22
-12  -10  -11  -13  -10  -9  -15  -18  -15  -15
-12  -8  -5  -7  -16  -16  -18  -11  -11  -15
-7  -9  -4  -5  -10  -7  -11  -10  -7  -14
-10  -18  -11  -10  -11  -10  -17  -2  -18  -17
-15  -13  -13  -11  -18  -7  -14  -8  -6  -17
-17  -13  -13  -11  -18  -7  -15  -17  -15  -11
-19  -13  -10  -10  -11  -11  -7  -14  -11  -10
-9  -9  -13  -6  -12  -12  -10  -14  -13  -8
-6  -9  -12  -17  -9  -9  -9  -17  -12  -12
-7  -10  -16  -10  40  -18  -19  -9  -9  -13
-11  -15  -6  -20  -46  -10  -18  -15  -12  -5
-12  -15  -16  -13  -8  -12  -17  -9  -7  -19
-7  -14  -11  -13  -14  -17  -9  -11  -14  -15
-21  -12  -10  -10  -17  -10  -12  -11  -14  -6
-8  -11  -19  -14  -13  -15  -13  -14  -10  -7
-13  -12  -12  -10  -12  -16  -7  -20  -17  -10
-14  -14  -11  -11  -14  -9  -8  -11  -10  -16
-11  -5  -13  -8  -10  -15  -8  -14  -12  -11
-7  -14  -9  -16  -12  -6  -12  -17  -9  -10
-10  -9  -14  -13  -5  -12  -15  -5  -16  -8
-6  -10  -13  -11  -9  -16  -14  -38  -12  -5
-10  -5  -12  -11  -11  -17  -8  -8  -11  -7
-17  -4  -9  -12  -14  -17  -14  -13  -10  -16
-22  -10  -10  -5  -10  -7  -9  -6  -7  -16
-10  -12  -16  -7  -9  -11  -11  -6  -5  -14
-12  -10  -3  -9  -8  -6  -11  -11  -13  -11
-11  -17  -9  -17  -7  -5  -8  -13  -7  -12
-4  -8  -13  -8  -14  -9  -11  -11  -13  -12
-8  -6  -12  -9  -12  -14  -8  -7  -10  -6
-11  -15  -10  -16  -15  -15  -15  -11  -9  -8
-8  -7  -8  -22  -6  -9  -9  -9  -13  -9
-10  -9  -13  -16  -13  -10  -12  -11  -4  -4
-8  -8  -11  -19  -8  -5  -8  -18  -14  -7
-15  -16  -9  -10  -8  -14  -12  -13  -12  -9
-8  -13  -7  -7  -15  -14  -10  -6  -9  -6
-12  -4  -16  -11  -11  -10  -7  -15  -14  -14
-10  -7  -14  -9  -5  -11  -12  -16  -13  -7
-7  -6  -9  -11  -17  -16  -12  -14  -20  -5
-15  -11  -9  -15  -13  -12  -14  -17  -8  -10
-6  -14  -12  -5  -11  -21  -22  -9  -13  -8
-10  -8  -15  -9  -15  -11  -13  -15  -13  -13
-16  -6  -12  -7  -9  -16  -12  -6  -12  -12
-7  -9  -9  -12  -15  -8  -8  -11  -19  -4
-9  -7  -12  -9  -8  -7  -9  -12  -5  -17
-15  -12  -7  -7  -8  -4  -7  -8  -13  -12
-9  -8  -5  -7  -9  -6  -8  -16  -9  -13
-13  -13  -11  -8  -3  -13  -9  -8  -12  -12
-17  -9  -12  -21  -14  -19  -12  -6  -8  -6
-16  -17  -9  -16  -11  -4  -7  -14  -12  -9
-17  -11  -5  -18  -8  -3  -14  -13  -10  -9
-8  -8  -9  -17  -10  -7  -13  -13  -11  -9
-18  -14  -15  -13  -11  -15  -5  -12  -14  -14
-11  -15  -13  -11  -8  -14  -10  -13  -15  -12
-9  -15  -8  -15  -14  -23  -11  -11  -6  -11
-12  -13  -13  -8  -13  -16  -14  -14  -14  -11
-10  -12  -9  -12  -12  -9  -11  -22  -9  -10
-14  -16  -13  -15  -14  -9  -14  -5  -17  -13
-14  -16  -12  -14  -10  -16  -16  -15  -14  -11
-10  -11  -9  -4  -9  -14  -9  -21  -7  -9
-14  -17  -7  -10  -8  -10  -8  -16  -7  -10
-13  -15  -13  -15  -9  -10  -5  -7  -18  -9
-9  -13  -19  -22  -9  -9  -7  -14  -10  -12
-8  -8  -7  -14  -12  -6  -6  -12  -16  -15
-5  -18  -15  -12  -9  -9  -22  -13  -12  -7
-12  -8  -12  -10  -14  -15  -9  -4  -10  -18
-17  -14  -7  -4  -12  -8  -11  -13  -15  -19
-7  -15  -9  -7  -14  -14  -10  -13  -8  -8
-15  -15  -12  -8  -9  -11  -15  -12  -36  -12
-14  -19  -14  -17  -16  -10  -9  -15  -18  -17
-13  -8  -18  -17  -8  -11  -19  -12  -13  -11
-8  -7  -12  -12  -13  -7  -10  -13  -10  -9
-16  -7  -9  -9  -9  -8  -11  -13  -6  -8
-9  -8  -8  -15  -15  -14  -16  -15  -15  -14
-15  -8  -10  -11  -11  -13  -3  -15  -6  -7
-15  -10  -17  -16  -6  -14  -11  -9  -11  -6
-16  -15  -20  -12  -8  -7  -10  -8  -11  -12
-8  -13  -9  -11  -20  -13  -11  -3  -18  -14
-11  -4  -14  -12  -8  -18  -16  -14  -10  -10
-15  -11  -4  -9  -13  -7  -11  -13  -16  -14
-8  -19  -12  -10  -11  -12  -13  -13  -13  -11
-9  -21  -14  -7  -13  -15  -11  -11  -20  -8
-15  -16  -12  -9  -13  -20  -14  -9  -10  -10
-10  -12  -20  -12  -12  -14  -10  -20  -12  -11
-10  -11  -6  -10  -16  -9  -13  -12  -7  -21
-15  -13  -19  -9  -5  -13  -15  -13  -9  -13
-11  -21  -8  -10  -17  -14  -19  -12  -17  -14
-8  -7  -12  -16  -10  -6  -2  -10  -16  -5
-5  -15  -5  -8  -7  -14  -14  -7  -12  -14
-10  -13  -15  -19  -11  -12  -11  -11  -9  -9
-4  -11  -11  -16  -5  -12  -12  -13  -11  -8
-17  -10  -11  -11  -14  -8  -14  -11  -14  -7
-9  -4  -12  -17  -10  -11  -15  -10  -10  -11
-10  -5  -5  -14  -10  -9  -24  -13  -17  -7
-12  -9  -16  -6  -7  -12  -8  -16  -8  -15
-12  -9  -15  -5  -13  -12  -17  -9  -5  -12
-15  -5  -12  -10  -14  -7  -16  -11  -21  -12
-15  -12  -8  -18  -7  -12  -11  -9  -11  -8
-7  -21  -13  -13  -7  -7  -13  -9  -18  -18
-13  -10  -15  -8  -18  -17  -6  -6  -19  -9
-13  -11  -7  -17  -7  -8  -15  -11  -9  -10
-13  -15  -11  -9  -9  -10  -10  -7  -6  -9
-10  -10  -4  -14  -18  -15  -6  -18  -8  -16
-9  -9  -5  -10  -11  -5  -8  -9  -13  -7
-7  -19  -14  -16  -13  -7  -15  -6  -20  -13
-8  -8  -5  -11  -8  -10  -10  -9  -11  -9
-12  -9  -19  -17  -12  -11  -18  -10  -11  -4
-14  -6  -14  -14  -11  -11  -18  -12  -12  -10
-7  -5  -11  -13  -13  -20  -15  -7  -11  -5
-7  -7  -11  -15  -9  -11  -13  -13  -12  -5
-13  -13  -11  -11  -11  -7  -18  -13  -16  -15
-8  -8  -15  -8  -6  -9  -15  -11  -15  -11
-7  -25  -13  -13  -7  -10  -9  -15  -6  -14
-17  -14  -11  -14  -10  -16  -11  -8  -11  -14
-9  -15  -8  -9  -6  -13  -16  -4  -11  -6
-12  -7  -11  -17  -10  -10  -11  -18  -14  -9
-16  -15  -16  -14  -14  -18  -7  -8  -14  -13
-10  -14  -16  -17  -14  -10  -11  -13  -13  -12
-13  -15  -10  -18  -22  -13  -17  -11  -21  -13
-10  -6  -14  -11  -15  -6  -15  -15  -10  -15
-14  -13  -15  -17  -12  -14  -9  -8  -16  -10
-13  -14  -13  -21  -8  -10  -14  -6  -7  -15
-13  -16  -14  -13  -12  -8  -8  -11  -12  -14
-11  -10  -14  -5  -14  -12  -16  -16  -14  -15
-9  -13  -12  -13  -11  -13  -8  -12  -12  -13
-14  -12  -16  -17  -13  -9  -16  -7  -9  -14
-18  -11  -14  -18  -15  -7  -13  -9  -11  -12
-7  -19  -18  -17  -12  -13  -14  -9  -8  -7
-16  -18  -8  -12  -17  -13  -13  -17  -13  -14
-16  -10  -15  -21  -16  -18  -8  -10  -15  -14
-17  -19  -21  -11  -11  -7  -11  -14  -10  -5
-8  -8  -10  -7  -13  -14  -11  -16  -9  -15
-8  -18  -10  -11  -10  -14  -17  -12  -11  -5
-10  -9  -10  -6  -18  -8  -6  -17  -6  -10
-11  -13  -11  -15  -11  -12  -15  -10  -13  -17
-7  -14  -13  -6  -8  -13  -9  -8  -5  -6
-14  -18  -7  -11  -9  -14  -12  -12  -11  -12
-16  -7  -11  -13  -9  -14  -23  -5  -11  -10
-4  -15  -15  -12  -19  -9  -15  -12  -17  -8
-3  -16  -12  -12  -11  -19  -14  -13  -5  -5
-8  -14  -8  -14  -21  -11  -10  -15  -6  -13
-15  -13  -11  -15  -11  -14  -7  -14  -17  -9
-12  -8  -11  -17  -8  -11  -11  -20  -8  -9
-10  -3  -14  -14  -17  -22  -10  -10  -11  -11
-9  -16  -13  -16  -15  -14  -14  -10  -13  -8
-18  -6  -11  -7  -13  -12  -16  -16  -12  -15
-16  -29  -4  -12  -14  -10  -16  -16  -10  -14
-12  -10  -7  -7  -6  -8  -5  -2  -7  -7
-9  -11  -8  -7  -3  -7  -9  -6  -6  -7
-6  -11  -7  -8  -5  -12  -17  -19  -20  -14
-9  -10  -13  -13  -13  -12  -22  -3  -10  -10
-10  -11  -14  -13  -13  -14  -13  -24  -15  -13
-16  -11  -10  -11  -12  -13  -9  -13  -18  -10
-8  -7  -16  -13  -18  -13  -8  -12  -15  -16
-22  -13  -19  -7  -13  -18  -9  -13  -6  -11
-10  -11  -10  -11  -13  -24  -9  -10  -18  -15
-7  -8  -13  -15  -13  -11  -15  -16  -20  -6
-7  -14  -12  -8  -9  -11  -8  -15  -13  -11
-14  -13  -12  -7  -14  -9  -12  -14  -9  -9
-10  -15  -15  -15  -9  -12  -8  -16  -10  -8
-9  -6  -10  -15  -15  -13  -11  -14  -9  -15
-3  -12  -10  -14  -6  -10  -14  -13  -9  -14
-15  -20  -17  -9  -5  -12  -12  -14  -8  -11
-16  -6  -6  -7  -14  -5  -15  -8  -12  -16
-15  -8  -15  -15  -15  -15  -9  -23  -17  -6
-10  -15  -15  -20  -15  -11  -17  -13  -11  -27
-9  -22  -11  -9  -7  -14  -7  -13  -13  -12
-4  -9  -6  -11  -10  -7  -13  -11  -24  -14
-9  -14  -17  -8  -14  -15  -14  -11  -11  -3
-16  -16  -13  -14  -5  -6  -10  -16  -10  -9
-4  -12  -17  -14  -13  -13  -15  -9  -11  -20
-16  -13  -11  -7  -15  -13  -11  -15  -14  -10
-14  -13  -9  -10  -6  -14  -12  -12  -9  -8
-8  -10  -13  -14  -14  -19  -17  -11  -15  -10
-8  -18  -10  -18  -22  -13  -11  -13  -12  -5
-16  -20  -10  -12  -12  -13  -15  -10  -8  -11
-18  -12  -12  -15  -17  -23  -3  -14  -7  -17
-11  -7  -7  -15  -13  -11  -13  -11  -8  -17
-8  -10  -11  -18  -8  -24  -19  -12  -13  -17
-16  -20  -11  -11  -14  -10  -19  -7  -7  -7
-13  -9  -11  -14  -15  -11  -20  -12  -14  -5
-23  -8  -11  -16  -27  -8  -12  -13  -9  -19
-10  -14  -16  -9  -9  -15  -14  -7  -11  -17
-12  -19  -10  -6  -23  -10  -14  -16  -12  -15
-10  -15  -16  -12  -10  -13  -12  -15  -19  -9
-13  -16  -13  -18  -20  -9  -11  -20  -14  -7
-17  -14  -11  -11  -15  -11  -11  -14  -14  -15
-18  -5  -8  -10  -7  -18  -15  -10  -17  -14
-16  -13  -20  -16  -9  -10  -14  -13  -14  -18
-14  -8  -7  -24  -16  -16  -14  -10  -11  -13
-8  -12  -11  -14  -10  -11  -21  -13  -21  -11
-11  -14  -16  -13  -10  -10  -18  -11  -11  -10
-13  -15  -17  -4  -4  -16  -7  -9  -15  -13
-18  -10  -15  -11  -8  -9  -10  -12  -17  -15
-20  -12  -12  -14  -13  -10  -15  -11  -19  -9
-19  -15  -17  -15  -14  -22  -12  -15  -20  -10
-22  -16  -17  -15  -11  -15  -9  -16  -16  -11
-19  -10  -13  -14  -8  -13  -18  -13  -14  -7
-14  -17  -8  -7  -11  -14  -12  -6  -22  -8
-7  -10  -8  -14  -13  -7  -9  -10  -9  -15
-18  -12  -14  -13  -15  -5  -13  -8  -11  -20
-12  -18  -14  -13  -19  -16  -13  -17  -6  -13
-14  -12  -26  -14  -11  -15  -19  -7  -6  -15
-15  -13  -19  -13  -10  -12  -18  -18  -11  -10
-10  -9  -13  -17  -10  -11  -16  -10  -14  -7
-13  -10  -11  -14  -7  -18  -11  -16  -17  -11
-12  -11  -13  -9  -12  -13  -12  -12  -16  -5
-8  -11  -10  -16  -15  -11  -11  -22  -13  -17
-11  -11  -11  -15  -16  -6  -9  -8  -8  -10
-7  -9  -16  -13  -15  -15  -15  -13  -12  -12
-10  -11  -14  -17  -15  -9  -10  -9  -11  -16
-14  -13  -7  -6  -17  -10  -14  -9  -13  -13
-12  -21  -12  -19  -19  -17  -10  -15  -5  -16
-5  -17  -10  -9  -11  -13  -8  -11  -10  -11
-7  -6  -9  -16  -14  -8  -5  -19  -15  -11
-13  -12  -14  -14  -10  -14  -23  -12  -13  -7
-10  -10  -11  -13  -15  -7  -17  -9  -14  -17
-9  -9  -11  -6  -9  -13  -9  -6  -16  -13
-15  -9  -16  -13  -11  -6  -10  -12  -6  -8
-7  -10  -11  -13  -13  -17  -15  -10  -13  -11
-4  -10  -8  -7  -7  -8  -20  -12  -9  -15
-12  -8  -12  -15  -15  -9  -15  -24  -23  -12
-11  -18  -6  -9  -6  -10  -20  -8  -17  -9
-18  -14  -13  -8  -12  -10  -12  -10  -15  -11
-7  -7  -10  -14  -10  -16  -6  -4  -7  -17
-9  -14  -6  -9  -19  -16  -19  -10  -10  -17
-15  -8  -15  -12  -9  -3  -11  -12  -10  -17
-8  -13  -15  -19  -11  -10  -10  -7  -7  -15
-5  -14  -13  -10  -7  -10  -17  -16  -14  -14
-6  -10  -9  -5  -9  -13  -13  -18  -11  -13
-11  -13  -10  -11  -9  -6  -17  -13  -10  -10
-9  -8  -10  -21  -15  -17  -12  -19  -14  -20
-25  -14  -13  -13  -5  -13  -12  -13  -12  -15
-12  -13  -11  -15  -10  -16  -13  -12  -10  -7
-15  -12  -11  -16  -18  -18  -10  -11  -12  -10
-12  -18  -42  -11  -10  -7  -17  -14  -16  -10
-17  -17  -11  -9  -12  -16  -11  -16  -14  -13
-11  -14  -12  -12  -22  -15  -11  -12  -11  -12
-13  -10  -10  -18  -17  -14  -15  -15  -13  -8
-5  -13  -10  -10  -9  -15  -10  -12  -15  -10
-9  -12  -7  -5  -7  -15  -10  -18  -13  -12
-9  -15  -16  -13  -6  -15  -14  -11  -9  -11
-11  -9  -8  -17  -10  -18  -11  -15  -8  -15
-13  -16  -16  -13  -9  -21  -11  -11  -12  -9
-17  -10  -5  -15  -6  -6  -7  -15  -5  -11
-4  -13  -12  -12  -8  -5  -18  -12  -13  -10
-6  -11  -15  -15  -15  -12  -15  -11  -11  -5
-16  -9  -6  -4  -8  -14  -10  -13  -11  -11
-15  -17  -18  -15  -13  -8  -6  -11  -11  -12
-13  -18  -12  -14  -11  -11  -13  -9  -10  -12
-11  -10  -8  -14  -12  -13  -11  -7  -9  -10
-12  -10  -10  -17  -11  -9  -12  -15  -14  -17
-9  -19  -13  -9  -10  -12  -5  -14  -7  -17
-13  -13  -9  -12  -13  -12  -5  -11  -7  -15
-11  -9  -8  -14  -7  -13  -8  -8  -18  -9
-17  -9  -18  -10  -13  -14  -11  -12  -10  -18
-13  -13  -12  -17  -9  -14  -7  -12  -7  -16
-15  -6  -16  -20  -10  -14  -11  -13  -14  -17
-10  -7  -12  -8  -17  -10  -10  -11  -9  -8
-16  -10  -16  -7  -14  -17  -10  -7  -6  -11
-10  -15  -13  -2  -13  -8  -4  -20  -14  -16
-14  -13  -5  -18  -12  -14  -5  -12  -12  -6
-7  -17  -12  -6  -12  -12  -7  -7  -8  -15
-11  -23  -21  -12  -15  -11  -13  -9  -13  -12
-6  -13  -12  -14  -12  -8  -12  -12  -7  -7
-7  -14  -8  -13  -14  -17  -21  -16  -17  -20
-8  -13  -20  -11  -9  -16  -4  -2  -12  -9
-14  -13  -19  -11  -15  -16  -8  -8  -8  -10
-8  -6  -11  -11  -18  -13  -16  -8  -9  -11
-18  -14  -12  -11  -14  -13  -11  -10  -15  -10
-13  -14  -17  -18  -14  -8  -10  -12  -17  -11
-14  -6  -9  -4  -15  -11  -7  -5  -16  -12
-7  -11  -7  -9  -10  -13  -10  -16  -12  -13
-10  -5  -9  -10  -4  -13  -6  -13  -10  -6
-13  -15  -14  -10  -9  -10  -12  -10  -10  -12
-12  -12  -16  -8  -6  -9  -14  -7  -9  -3
-7  -9  -11  -21  -14  -7  -4  -13  -15  -9
-14  -11  -9  -7  -7  -14  -15  -22  -6  -14
-7  -18  -11  -10  -3  -12  -10  -10  -9  -7
-11  -12  -22  -11  -17  -12  -18  -14  -13  -9
-7  -15  -11  -15  -8  -13  -10  -13  -7  -4
-10  -9  -7  -10  -8  -9  -15  -8  -12  -16
-14  -13  -6  -19  -10  -9  -13  -7  -14  -12
-11  -12  -8  -13  -8  -14  -13  -14  -14  -12
-10  -17  -26  -10  -18  -16  -18  -10  -11  -15
-11  -12  -7  -13  -22  -12  -11  -10  -11  -11
-15  -8  -14  -15  -5  -9  -7  -13  -14  -9
-17  -21  -9  -16  -12  -9  -9  -11  -7  -3
-12  -11  -8  -16  -18  -13  -14  -15  -11  -15
-13  -6  -13  -15  -9  -10  -11  -12  -7  -8
-13  -4  -3  -8  -7  -8  -3  -14  -11  -7
-5  -17  -12  -12  -16  -12  -14  -9  -12  -11
-17  -10  -7  -10  -9  -13  -13  -6  -16  -9
-9  -16  -16  -9  -13  -11  -11  -10  -10  -16
-12  -5  -8  -15  -12  -8  -9  -5  -13  -12
-9  -13  -15  -11  -8  -10  -19  -5  -10  -9
-12  -6  -8  -7  -10  -9  -12  -11  -15  -13
-14  -14  -17  -11  -11  -14  -20  -18  -14  -19
-15  -10  -23  -14  -13  -8  -11  -5  -7  -16
-11  -21  -12  -5  -18  -11  -10  -13  -11  -16
-7  -11  -18  -9  -12  -11  -20  -9  -13  -13
-15  -12  -14  -13  -8  -10  -11  -14  -9  -7
-11  -21  -20  -7  -13  -9  -15  -7  -9  -13
-15  -10  -14  -13  -16  -12  -13  -12  -15  -4
-17  -12  -19  -9  -8  -10  -12  -13  -11  -6
-19  -9  -17  -10  -11  -8  -13  -14  -16  -9
-7  -14  -30  -14  -14  -12  -9  -16  -9  -9
-17  -9  -8  -13  -14  -22  -9  -11  -22  -13
-7  -19  -15  -10  -23  -11  -9  -5  -7  -12
-12  -6  -10  -14  -7  -20  -10  -16  -13  -10
-9  -7  -12  -11  -13  -15  -16  -9  -16  -14
-12  -12  -5  -12  -11  -8  -9  -5  -14  -2
-12  -17  -11  -11  -14  -8  -7  -15  -12  -21
-17  -13  -9  -13  -12  -9  -13  -14  -18  -11
-9  -17  -3  -9  -17  -6  -16  -12  -17  -7
-12  -12  -14  -15  -19  -11  -10  -12  -10  -17
-16  -8  -15  -13  -18  -11  -16  -15  -12  -6
-14  -11  -21  -15  -14  -21  -11  -10  -15  -10
-12  -15  -7  -5  -10  -3  -9  -7  -13  -8
-8  -16  -15  -21  -13  -6  -5  -6  -17  -8
-7  -7  -17  -17  -9  -8  -6  -12  -12  -7
-12  -16  -7  -9  -13  -6  -9  -19  -13  -16
-7  -9  -17  -16  -13  -11  -4  -13  -15  -13
-8  -13  -14  -15  -12  -12  -5  -10  -12  -6
-7  -10  -9  -16  -18  -21  -11  -7  -10  -18
-9  -15  -16  -15  -14  -13  -19  -9  -14  -12
-14  -14  -5  -17  -11  -12  -16  -13  -14  -19
-17  -8  -16  -12  -10  -11  -7  -17  -18  -17
-15  -8  -13  -16  -8  -18  -8  -11  -15  -11
-12  -11  -10  -7  -4  -6  -16  -18  -10  -14
-13  -13  -11  -15  -11  -1  -7  -14  -5  -11
-15  -13  -12  -10  -14  -10  -13  -17  -10  -13
-11  -9  -18  -5  -8  -19  -16  -16  -8  -7
-9  -19  -3  -17  -10  -16  -17  -13  -12  -9
-14  -11  -9  -15  -14  -9  -14  -17  -10  -12
-11  -14  -13  -12  -13  -16  -6  -13  -7  -7
-7  -12  -10  -10  -13  -16  -13  -9  -12  -12
-14  -15  -16  -16  -11  -9  -5  -12  -11  -5
-17  -12  -10  -8  -10  -7  -10  -10  -9  -6
-11  -8  -12  -13  -8  -7  -11  -12  -11  -12
-9  -17  -7  -16  -12  -10  -3  -15  -13  -11
-10  -15  -8  -12  -13  -7  -14  -15  -9  -14
-19  -19  -9  -12  -17  -4  -11  -11  -11  -15
-6  -7  -13  -7  -8  -13  -15  -10  -13  -11
-8  -9  -5  -6  -15  -11  -13  -11  -15  -10
-13  -9  -18  -17  -16  -12  -3  -11  -7  -9
-6  -18  -17  -9  -7  -6  -11  -7  -17  -17
-8  -14  -6  -5  -11  -11  -12  -12  -8  -9
-6  -15  -7  -13  -11  -10  -4  -15  -10  -16
-12  -16  -14  -15  -8  -15  -9  -17  -14  -14
-18  -19  -8  -16  -16  -13  -14  -6  -12  -10
-9  -3  -11  -12  -16  -13  -16  -12  -17  -10
-15  -11  -12  -10  -17  -17  -11  -10  -8  -12
-10  -8  -12  -12  -12  -14  -11  -3  -15  -16
-5  -12  -12  -16  -11  -7  -14  -17  -11  -15
-14  -8  -11  -18  -6  -12  -6  -7  -8  -10
-9  -8  -8  -21  -9  -14  -16  -14  -18  -12
-11  -11  -9  -17  -6  -16  -18  -16  -12  -21
-6  -14  -7  -12  -8  -11  -12  -9  -10  -10
-12  -9  -15  -5  -17  -11  -5  -9  -11  -12
-20  -14  -14  -7  -15  -19  -13  -17  -4  -15
-14  -14  -11  -11  -15  -9  -10  -10  -14  -15
-14  -8  -14  -7  -20  -11  -15  -11  -9  -8
-11  -14  -14  -8  -8  -15  -18  -17  -8  -18
-12  -9  -16  -16  -17  -18  -17  -13  -14  -17
-11  -25  -10  -9  -12  -14  -10  -9  -11  -10
-10  -5  -8  -9  -19  -15  -11  -10  -11  -11
-16  -16  -7  -11  -14  -13  -11  -10  -13  -15
-7  -10  -10  -14  -12  -11  -12  -8  -12  -7
-10  -11  -17  -12  -7  -12  -9  -12  -5  -16
-10  -12  -11  -19  -13  -8  -10  -8  -11  -15
-11  -16  -16  -12  -12  -15  -10  -8  -12  -16
-7  -9  -7  -18  -10  -11  -11  -16  -17  -13
-12  -21  -10  -12  -13  -10  -9  -10  -10  -10
-17  -8  -9  -18  -17  -9  -7  -10  -15  -9
-13  -10  -7  -10  -12  -16  -15  -12  -12  -9
-13  -11  -19  -17  -14  -10  -16  -11  -11  -9
-14  -18  -16  -13  -12  -13  -15  -18  -12  -14
-13  -12  -12  -17  -19  -15  -11  -15  -17  -8
-12  -10  -20  -15  -21  -10  -15  -18  -14  -4
-9  -14  -18  -12  -19  -6  -14  -7  -8  -9
-10  -17  -14  -11  -12  -10  -12  -14  -6  -17
-14  -5  -18  -12  -14  -12  -16  -13  -11  -19
-10  -12  -12  -9  -3  -13  -16  -16  -10  -7
-12  -16  -13  -18  -6  -3  -13  -11  -12  -15
-9  -13  -11  -6  -7  -12  -9  -18  -12  -8
-12  -13  -15  -6  -6  -16  -7  -11  -20  -13
