5.528109984434101
27.710106459557316
5.200961449578338
9.679359482941006
4.5563142999578075
9.228217596047461
7.668767828015137
1.624807680927192
2.8372521918222215
1.5362291495737217
3.6180105030251086
4.920365840057018
4.670117771534247
2.4413111231467406
3.8781438859330635
4.272001872658765
3.7960505792204615
8.364209466530594
3.6110940170535577
3.2264531609803355
3.4655446902326914
4.237924020083418
2.4186773244895647
3.4365680554879163
3.3000000000000003
2.72213151776324
3.3466401061363023
3.4
3.0083217912982647
4.0
3.1874754901018454
2.6172504656604803
4.026164427839479
3.014962686336267
4.521061822182927
2.821347195933177
3.0
4.109744517606903
4.631414470763764
4.476605857119878
2.6551836094703507
2.9068883707497264
2.2825424421026654
4.754997371187496
2.315167380558045
3.9293765408777
3.1874754901018454
4.093897898091744
3.383784863137726
4.4821869662029945
3.762977544445356
2.5317977802344327
2.2891046284519194
3.2078029864690882
4.437341546466758
2.758622844826744
2.29128784747792
3.556683848755748
4.104875150354759
2.3259406699226015
3.269556544854363
1.6852299546352716
2.6999999999999997
3.419064199455752
3.3000000000000003
3.655133376499413
4.64327470649756
4.026164427839479
4.405678154382138
4.404543109109048
2.8635642126552705
4.253234063627348
3.207802986469088
3.9761790704142084
3.7416573867739413
4.449719092257398
3.9862262855989496
1.7435595774162693
3.3778691508109073
3.4942810419312296
4.166533331199932
3.789459064299283
3.721558813185679
5.635601121442148
4.029888335921977
8.331266410336426
4.029888335921977
2.325940669922601
3.2310988842807027
4.050925820105819
2.4576411454889016
3.7202150475476548
5.254521862167861
3.682390527904394
3.477067730142742
3.026549190084311
3.4985711369071804
4.712748667179271
5.366563145999495
2.6907248094147422
2.6907248094147422
3.477067730142742
3.2
6.20966987850401
4.267317658670374
2.9681644159311658
4.0853396431631
3.0805843601498726
3.726929030716845
4.4147480109288235
1.8027756377319946
4.004996878900157
3.23882694814033
3.318132004607412
4.158124577258358
2.749545416973504
4.109744517606903
2.8354893757515653
4.841487374764082
3.9191835884530852
3.2264531609803355
3.0397368307141326
2.4576411454889016
3.4
16.17683529000651
11.04355015382282
3.789459064299283
2.8372521918222215
3.976179070414209
3.352610922848042
3.6180105030251086
2.4413111231467406
2.9
3.4871191548325386
3.7429934544425802
8.811356308764276
3.1304951684997055
3.8522720568516444
4.894895300208167
3.3000000000000003
2.870540018881465
3.9547439866570384
2.9
2.6
2.8372521918222215
4.358898943540674
3.627671429443411
4.565084884205331
2.6
3.2015621187164243
3.5270384177096794
3.2924155266308657
4.775981574503821
2.764054992217051
5.448853090330111
2.4413111231467406
3.515679166249389
4.069397989875161
3.2326459750489227
3.287856444554719
3.0983866769659336
3.0594117081556713
5.043808085167397
4.080441152620633
4.6000000000000005
2.9068883707497264
3.2388269481403293
2.1354156504062622
4.539823785126467
2.0396078054371136
3.6660605559646724
3.3466401061363023
2.039607805437114
4.313930922024598
3.4942810419312296
3.8522720568516444
4.565084884205331
3.6386810797320503
4.874423042781576
3.7363083384538807
4.404543109109048
3.0083217912982647
7.526619427073485
3.1128764832546763
3.687817782917155
2.211334438749598
2.8354893757515653
3.047950130825634
3.726929030716845
3.721558813185679
3.8845849199110063
4.626013402488151
3.8483762809787714
3.5510561809129406
2.7129319932501077
4.504442251822083
3.370459909270543
3.5227829907617076
4.177319714841085
3.6932370625238775
3.6932370625238775
3.9509492530276824
4.331281565541543
3.8587562763149474
2.898275349237888
3.4655446902326914
2.9
3.3000000000000003
5.571355310873648
3.6180105030251086
3.726929030716845
4.337049688440288
3.2388269481403293
4.862098312457287
4.7
3.1874754901018454
2.507987240796891
4.742362280551751
2.3748684174075834
4.69041575982343
1.7
4.337049688440288
2.9933259094191533
4.561797891182818
3.0347981810987035
2.925747767665559
3.1999999999999997
5.3188344587888805
2.6907248094147422
3.7960505792204615
3.3
3.2939338184001206
2.23606797749979
3.874274125562103
3.4655446902326914
2.85657137141714
4.253234063627348
2.4269322199023193
3.1953090617340916
1.6852299546352716
3.2264531609803355
3.4
4.340506882842141
2.8442925306655784
3.769615364994153
4.862098312457287
3.047950130825634
3.7202150475476548
4.0743097574926725
2.1354156504062622
3.1128764832546763
2.8284271247461903
4.805205510693585
4.317406628984581
4.898979485566356
4.147288270665544
2.90516780926679
3.8275318418009276
4.770744176750625
2.7129319932501073
3.6932370625238775
6.10655385630881
2.5475478405714
2.0518284528683193
5.18555686498567
4.5
3.605551275463989
2.685144316419511
3.6386810797320503
4.968903299521938
4.4821869662029945
4.2
2.6
2.451530134426253
3.026549190084311
3.0016662039607267
3.52845575287547
4.196427051671457
4.295346318982906
4.686149805543993
4.8207883172775805
4.172529209005013
5.262128846769148
3.903844259188627
3.905124837953327
4.142463035441596
2.6172504656604803
2.570992026436488
3.2388269481403293
4.8373546489791295
3.318132004607412
5.418486873657627
3.163858403911275
5.019960159204453
4.621688003316537
3.746998799039039
6.216108107168021
3.249615361854384
4.62709412050371
2.981610303175115
2.981610303175115
4.205948168962618
2.0518284528683193
4.5563142999578075
3.1953090617340916
4.627094120503711
4.190465367951393
2.65329983228432
4.670117771534247
3.3241540277189325
3.442382895611701
3.477067730142742
3.515679166249389
3.6455452267116364
4.763402145525822
2.7129319932501073
4.158124577258358
3.5341194094144583
5.448853090330111
3.2388269481403293
3.0347981810987035
3.280243893371345
2.7294688127912363
3.9293765408777004
2.9410882339705484
2.72213151776324
2.85657137141714
3.2924155266308657
4.6303347611160905
2.9748949561287032
4.516635916254486
3.8678159211627436
3.257299494980466
3.014962686336267
3.2924155266308657
2.6832815729997477
4.381780460041329
5.044799302251775
4.82078831727758
2.72213151776324
4.237924020083418
4.437341546466758
3.8418745424597094
3.7483329627982624
3.687817782917155
3.606937759374287
2.756809750418044
4.455333881989093
4.6097722286464435
2.4677925358506134
3.0016662039607267
9.370699013414102
2.690724809414742
3.187475490101846
3.0347981810987035
2.8442925306655784
3.789459064299283
3.0805843601498726
3.54400902933387
3.5057096285916205
4.360045871318328
3.9255572852781047
3.4985711369071804
3.4583232931581165
3.6110940170535577
2.3685438564654024
2.0615528128088303
2.758622844826744
4.153311931459037
2.932575659723036
3.3241540277189325
3.249615361854384
3.255764119219941
3.7202150475476548
2.6758176320519302
3.903844259188627
5.2583267300539625
4.1340053217188775
3.6345563690772495
4.2895221179054435
2.794637722496424
4.337049688440288
5.043808085167397
3.627671429443411
3.5341194094144583
2.4
3.104834939252005
4.109744517606903
2.6758176320519302
3.0397368307141326
1.91049731745428
3.7202150475476548
4.669047011971501
4.657252408878008
3.6891733491393435
3.7536648758246915
3.5510561809129406
2.870540018881465
3.6345563690772495
2.1656407827707715
2.1656407827707715
4.846648326421054
3.6606010435446255
3.505709628591621
5.023942674832188
2.758622844826744
2.7640549922170505
3.7094473981982814
3.22490309931942
3.4641016151377544
2.7730849247724096
3.2388269481403293
3.726929030716845
2.6851443164195103
2.993325909419153
4.955804677345546
4.28485705712571
3.8223029707232787
2.6095976701399777
4.716990566028302
3.261901286060018
3.7429934544425802
3.6110940170535577
6.200000000000001
4.833218389437829
5.4
3.9698866482558417
2.993325909419153
3.714835124201342
3.944616584663204
2.808914381037628
4.960846701924985
2.85657137141714
3.605551275463989
3.867815921162743
3.505709628591621
5.315072906367325
3.9191835884530852
4.024922359499621
3.8935844667863573
3.195309061734091
4.817675788178362
2.90516780926679
3.6124783736376886
3.9509492530276824
3.4655446902326914
4.190465367951393
4.205948168962618
2.193171219946131
4.817675788178362
4.652956049652737
2.5787593916455256
3.2186953878862163
2.3748684174075834
3.8781438859330635
2.879236009777594
1.9621416870348585
4.075536774462966
2.8301943396169813
4.48998886412873
3.0016662039607267
3.257299494980466
4.4777226354476225
4.904079934095692
2.727636339397171
3.9
2.764054992217051
4.044749683231337
3.9102429592034307
2.9
3.551056180912941
3.605551275463989
3.6606010435446255
4.27668095606862
4.382921400162226
2.3430749027719964
3.6386810797320503
4.707440918375928
2.193171219946131
3.8483762809787714
3.8845849199110063
2.7
4.5265881191025095
3.6180105030251086
2.727636339397171
2.238302928559939
3.477067730142742
3.163858403911275
2.6758176320519302
3.78021163428716
3.318132004607412
4.085339643163099
2.5768197453450252
3.1448370387032774
2.1095023109728985
3.144837038703278
4.887739763939974
4.317406628984581
3.195309061734091
3.7469987990390385
3.7469987990390385
3.7629775444453557
4.253234063627347
3.3241540277189325
4.346262762420146
