1279
2559
3839
5119
6399
7679
8959
10239
11519
12799
14079
15359
16639
17919
19199
20479
21759
23039
24319
25599
26879
28159
29439
30719
31999
33279
34559
35839
37119
38399
39679
40959
42239
43519
44799
46079
47359
48639
49919
51199
52479
53759
55039
56319
57599
58879
60159
61439
62719
63999
65279
66559
67839
69119
70399
71679
72959
74239
75519
76799
78079
79359
80639
81919
83199
84479
85759
87039
88319
89599
90879
92159
93439
94719
95999
97279
98559
99839
101119
102399
103679
104959
106239
107519
108799
110079
111359
112639
113919
115199
116479
117759
119039
120319
121599
122879
124159
125439
126719
127999
127999
129279
130559
131839
133119
134399
135679
136959
138239
139519
140799
142079
143359
144639
145919
147199
148479
149759
151039
152319
153599
154879
156159
157439
158706
159986
161266
162546
163826
165106
166386
167666
168946
170226
171506
172786
174066
175346
176626
177906
179186
180466
181746
183026
184306
185586
186866
188146
189426
190706
191986
193266
194546
195826
197106
198386
199666
200946
202226
203506
204786
206066
207346
208626
209906
211186
212466
213746
215026
216306
217586
218866
220146
221426
222706
223986
225266
226546
227826
229106
230386
231666
232946
234226
235506
236786
238066
239346
240626
241906
243186
244466
245746
247026
248306
249586
250866
252146
253426
254706
254706
255986
257266
258546
259826
261106
262386
263666
264946
266226
267506
268786
270066
271346
272626
273906
275186
276466
277746
279026
280306
281586
282866
284146
285426
286706
287986
289266
290546
291826
293106
294386
295666
296946
298226
299506
300786
302066
303346
304626
305906
307186
308466
309746
311026
312306
313586
314866
316146
317426
318706
319986
321266
322546
323826
325106
326386
327666
328946
330226
331506
332786
334066
335346
336626
337906
339186
340466
341746
343026
344306
345586
346866
348146
349426
350706
351986
353266
354546
355826
357106
358386
359666
360946
362226
363506
364786
366066
367346
368626
369906
371186
372466
373746
375026
376306
377586
378866
380146
381426
381426
382706
383986
385266
386546
387826
389106
390386
391666
392946
394226
395506
396786
398066
399346
400626
401906
403186
404466
405746
407026
408306
409586
410866
412146
413426
414706
415986
417266
418546
419826
421106
422386
423666
424946
426226
427506
428786
430066
431346
432626
433906
435186
436466
437746
439026
440306
441586
442866
444146
445426
446706
447986
449266
450546
451826
453106
454386
455666
456946
458226
459506
460786
462066
463346
464626
465906
467186
468466
469746
471026
472306
473586
474866
476146
477426
478706
479986
481266
482546
483826
485106
486386
487666
488946
490226
491506
492786
494066
495346
496626
497906
499186
500466
501746
503026
504306
505586
506866
508146
508146
509426
510706
511986
513266
514546
515826
517106
518386
519666
520946
522226
523506
524786
526066
527346
528626
529906
531186
532466
533746
535026
536306
537586
538866
540146
541426
542706
543986
545266
546546
547826
549106
550386
551666
552946
554226
555506
556786
558066
559346
560626
561906
563186
564466
565746
567026
568306
569586
570866
572146
573426
574706
575986
577266
578546
579826
581106
582386
583666
584946
586226
587506
588786
590066
591346
592626
593906
595186
596466
597746
599026
600306
601586
602866
604146
605426
606706
607986
609266
610546
611826
613106
614386
615666
616946
618226
619506
620786
622066
623346
624626
625906
627186
628466
629746
631026
632306
633586
634866
634866
636146
637426
638706
639986
