0.8536274433135986
1.7236311435699463
2.614391803741455
3.4840047359466553
4.349207878112793
5.222212314605713
6.11181116104126
6.988382816314697
7.850574493408203
9.019208908081055
9.908460855484009
10.770857572555542
11.65250849723816
12.543702602386475
13.430840492248535
14.315951108932495
15.244150161743164
16.15241813659668
17.0449800491333
18.194083213806152
19.081862688064575
19.968156814575195
20.860264778137207
21.761940479278564
22.643546104431152
23.541133880615234
24.457005977630615
25.34501838684082
26.249743223190308
27.37992835044861
28.28130841255188
29.194382667541504
30.149155139923096
31.058609008789062
31.9631404876709
32.86402153968811
33.81431198120117
34.70294690132141
35.691920042037964
36.92566394805908
37.90278768539429
38.82452082633972
39.77950072288513
40.74418306350708
41.6778507232666
42.62235951423645
43.60286569595337
44.51058030128479
45.4549605846405
46.64183759689331
47.567254066467285
48.523021936416626
49.4711594581604
50.4004225730896
51.35450220108032
52.282843828201294
53.21237087249756
54.16416883468628
55.125359535217285
56.28577637672424
57.191243410110474
58.1691620349884
59.0849027633667
60.00389313697815
60.919153690338135
61.85356116294861
62.76983690261841
63.70729303359985
64.64291572570801
65.80361747741699
66.71039009094238
67.61458921432495
68.54077672958374
69.4549822807312
70.3677487373352
71.28748822212219
72.21013617515564
73.14023327827454
74.07238149642944
75.21471190452576
76.12785315513611
77.04055738449097
77.95464730262756
78.8878698348999
79.80702376365662
80.73264050483704
81.64020562171936
82.57708525657654
83.50348162651062
84.67280721664429
85.64798140525818
86.63418984413147
87.60241031646729
88.6030752658844
89.53673148155212
90.49259853363037
91.46903109550476
92.42334842681885
93.40857195854187
94.6353542804718
94.6353542804718
95.54083585739136
96.46407222747803
97.38496851921082
98.31033754348755
99.24548983573914
100.16353058815002
101.0961606502533
102.01170420646667
102.91845417022705
104.14019656181335
105.0498194694519
105.97638201713562
106.90758967399597
107.81884741783142
108.74042320251465
109.67833614349365
110.57772445678711
111.49073219299316
112.3791356086731
113.5461642742157
114.48231673240662
115.40445399284363
116.34153652191162
117.25372195243835
118.18253922462463
119.11222004890442
120.02578973770142
120.94109964370728
121.87260127067566
122.79191541671753
123.99081897735596
124.91765189170837
125.84081053733826
126.74705767631531
127.6721568107605
128.6207253932953
129.54495930671692
130.47219347953796
131.40380239486694
132.3234441280365
133.50564908981323
134.4414405822754
135.36143898963928
136.27914142608643
137.21934485435486
138.15412998199463
139.0807511806488
140.01275157928467
140.9214792251587
141.85169768333435
143.05997586250305
144.00235533714294
144.90149211883545
145.81727862358093
146.74022769927979
147.65901446342468
148.5916256904602
149.52310919761658
150.4387035369873
151.35607743263245
152.565856218338
153.50601625442505
154.41919708251953
155.33319807052612
156.24515199661255
157.17581868171692
158.09394145011902
159.03135991096497
159.97990560531616
160.9071249961853
162.39779019355774
163.31641697883606
164.24602460861206
165.1669499874115
166.0430393218994
166.94831728935242
167.85730528831482
168.76314640045166
169.64328169822693
170.56401824951172
171.73790454864502
172.59759378433228
173.50474643707275
174.3962082862854
175.27326369285583
176.16872668266296
177.06035208702087
177.95873498916626
178.86581587791443
179.7940719127655
181.00097370147705
181.93909358978271
182.86181616783142
183.7809603214264
184.70564818382263
185.60687160491943
186.5092375278473
187.43098974227905
188.33544969558716
188.33544969558716
189.27584958076477
190.4849247932434
191.3955273628235
192.27916979789734
193.17846393585205
194.07521986961365
194.96546530723572
195.85914850234985
196.73686718940735
197.6364245414734
198.54518723487854
199.70864582061768
200.59643530845642
201.50556683540344
202.39168000221252
203.2700114250183
204.19277954101562
205.08556699752808
205.96422290802002
206.8439974784851
207.7401738166809
208.90753412246704
209.79825162887573
210.7377483844757
211.65535712242126
212.60353565216064
213.5604283809662
214.48012232780457
215.55947923660278
216.4965250492096
217.4726848602295
218.67670559883118
219.62507104873657
220.55083513259888
221.45751023292542
222.39355635643005
223.32237195968628
224.43713426589966
225.35733580589294
226.2699077129364
227.19346857070923
228.39956068992615
229.34873986244202
230.35250639915466
231.25531792640686
232.19647026062012
233.11387586593628
234.1426281929016
235.44176721572876
236.38719701766968
237.3284397125244
238.5859785079956
239.5221598148346
240.4617257118225
241.38947677612305
242.31802773475647
243.25068640708923
244.23233819007874
245.14958310127258
246.06128907203674
246.97793006896973
248.1890163421631
249.12269163131714
250.04285216331482
250.9551134109497
251.87130284309387
252.8121302127838
253.76048946380615
254.6822531223297
255.59299302101135
256.5205042362213
257.7408125400543
258.6657793521881
259.5959415435791
260.4937081336975
261.40587878227234
262.3378977775574
263.2513711452484
264.1805248260498
265.1016352176666
266.01872086524963
267.23808002471924
268.1557505130768
269.0953006744385
269.9983694553375
270.90859937667847
271.845773935318
272.77494263648987
273.7041389942169
274.62388014793396
275.53922271728516
276.7550456523895
277.6823058128357
278.59827399253845
279.5012037754059
280.42883706092834
281.3453743457794
282.2597553730011
283.18735218048096
283.18735218048096
284.1536211967468
285.0667643547058
286.2759838104248
287.1797468662262
288.10657477378845
289.0274360179901
289.95085525512695
290.8674168586731
291.78519082069397
292.7073771953583
293.6404848098755
294.5670473575592
295.7887167930603
296.6991934776306
297.6241626739502
298.57228565216064
299.485723733902
300.39640498161316
301.31305718421936
302.2585496902466
303.18308544158936
304.1162576675415
305.3479721546173
306.2549133300781
307.1581172943115
308.0819561481476
309.00119638442993
309.90438318252563
310.8340380191803
311.75904726982117
312.6765511035919
313.62579107284546
314.87151885032654
315.78466629981995
316.70429277420044
317.6256935596466
318.54709553718567
319.465779542923
320.38415026664734
321.3005208969116
322.20705938339233
323.13335275650024
324.43045377731323
325.37392830848694
326.3580529689789
327.3163275718689
328.2665708065033
329.24912548065186
330.25481247901917
331.18031907081604
332.1611964702606
333.1253471374512
334.3712284564972
335.28230595588684
336.1885941028595
337.0963411331177
338.00902581214905
338.92450976371765
339.824271440506
340.75840997695923
341.7002229690552
342.6132261753082
343.8836028575897
344.8318221569061
345.7410295009613
346.66722345352173
347.60398864746094
348.51637864112854
349.43348574638367
350.3826415538788
351.2863714694977
352.21401262283325
353.46168637275696
354.4260575771332
355.35537934303284
356.2652018070221
357.18856501579285
358.10524678230286
359.0182795524597
359.96493268013
360.8719880580902
361.791784286499
363.0279242992401
363.97403597831726
364.9051196575165
365.8252024650574
366.7352957725525
367.646075963974
368.5937943458557
369.521457195282
370.4278163909912
371.34200835227966
372.5875632762909
373.5072660446167
374.43246150016785
375.3660137653351
376.26890325546265
377.17274141311646
378.1038634777069
378.1038634777069
379.0049636363983
379.91611528396606
380.8447458744049
382.07915806770325
382.98354053497314
383.94037771224976
384.85899233818054
385.79226326942444
386.72064423561096
387.64851236343384
388.5896861553192
389.5082619190216
390.4337406158447
391.70486545562744
392.6259775161743
393.55406761169434
394.4947786331177
395.4181704521179
396.3667776584625
397.31895637512207
398.2764596939087
399.21720147132874
400.1513612270355
401.42188811302185
402.36598920822144
403.29198932647705
404.24722146987915
405.22807335853577
406.1523599624634
407.07753586769104
408.0107672214508
408.96955490112305
409.90287256240845
411.15772819519043
412.1188864707947
413.067759513855
414.01706171035767
414.9691116809845
415.912148475647
416.8609929084778
417.8091537952423
418.76275610923767
419.6993112564087
420.9839086532593
421.9121844768524
422.84084033966064
423.82307505607605
424.7714476585388
425.71106338500977
426.6632013320923
427.5913004875183
428.5273869037628
429.46694111824036
430.7331600189209
431.6777584552765
432.61607813835144
433.5933997631073
434.54391503334045
435.48539566993713
436.41908526420593
437.35768842697144
438.2783784866333
439.2285051345825
440.51344084739685
441.45976305007935
442.39048194885254
443.3254864215851
444.2970492839813
445.2406060695648
446.1873290538788
447.1245849132538
448.08969354629517
449.02872586250305
450.29243183135986
451.26867604255676
452.2118470668793
453.12705874443054
454.08098244667053
455.0068666934967
455.9456491470337
456.8878002166748
457.85211157798767
458.8007855415344
460.0791919231415
461.02905678749084
461.9756119251251
462.91161274909973
463.8818190097809
464.8134779930115
465.7678122520447
466.70505023002625
467.65695667266846
468.58120560646057
469.8614490032196
470.7866561412811
471.7193901538849
472.67008543014526
473.64399313926697
474.57300639152527
474.57300639152527
475.51869106292725
476.47119903564453
477.41538190841675
478.38056468963623
