0.04699969291687012
0.14300036430358887
0.22299957275390625
0.2669992446899414
0.3445475101470947
0.43054819107055664
0.4721567630767822
0.560157299041748
0.6471688747406006
0.7281570434570312
0.7701561450958252
0.850156307220459
0.9277055263519287
0.9677062034606934
1.042705774307251
1.1267056465148926
1.172706127166748
1.2577054500579834
1.3387062549591064
1.4492595195770264
1.5912575721740723
1.953817367553711
2.3438172340393066
2.9577465057373047
3.645324230194092
4.1004674434661865
4.5323569774627686
5.4534361362457275
6.150935888290405
6.933645725250244
7.449217081069946
8.036766767501831
8.579894304275513
9.068462371826172
9.755139827728271
10.464283227920532
10.965446710586548
11.578516721725464
12.329050540924072
13.022762060165405
13.652860403060913
14.339972257614136
14.792604446411133
15.2154860496521
15.909715175628662
16.53091859817505
16.986186742782593
17.613778114318848
18.106839895248413
18.761981964111328
19.57362151145935
20.19359016418457
21.300735235214233
21.79728055000305
22.818200826644897
23.57128381729126
24.193100690841675
25.089728116989136
26.50727653503418
27.320194244384766
28.204306840896606
28.79547619819641
29.676512956619263
30.25906491279602
30.92670726776123
31.559282064437866
31.975860118865967
32.29049634933472
32.66461730003357
33.101158142089844
33.73726773262024
34.03480553627014
34.34477138519287
34.85542321205139
35.25142812728882
36.05051040649414
37.21221923828125
37.803762435913086
38.256226778030396
38.97443222999573
39.54746627807617
40.304009199142456
40.90778946876526
41.64832878112793
42.419554710388184
42.88109588623047
43.50771355628967
43.954270362854004
44.25926113128662
44.56186485290527
45.02800416946411
45.40508008003235
45.94165229797363
46.484198331832886
46.935405015945435
47.513017416000366
48.019622802734375
48.38516974449158
48.66973805427551
48.92431282997131
48.92431282997131
49.22601246833801
49.524558782577515
49.887094259262085
50.28309416770935
50.65735387802124
50.98198914527893
51.330989360809326
51.643534660339355
51.93508696556091
52.62575650215149
52.9349102973938
53.25490951538086
53.62455725669861
53.99111747741699
54.43530583381653
54.726863622665405
55.10342073440552
55.48200488090515
55.844998598098755
56.23552846908569
56.53107285499573
56.89319396018982
57.210193395614624
57.90232062339783
58.293320178985596
58.606924533843994
58.977055072784424
59.31481099128723
59.76937794685364
60.085906982421875
60.40847444534302
60.73301577568054
61.01556634902954
61.25456690788269
61.54920744895935
61.87128305435181
62.17528319358826
62.46686673164368
62.99099087715149
63.2939817905426
63.601558685302734
63.902663469314575
64.21885108947754
64.53341960906982
64.81599617004395
65.10953545570374
65.36315202713013
65.67215085029602
65.95069479942322
66.28506302833557
66.59023785591125
66.86386585235596
67.17385745048523
67.46043825149536
67.71443772315979
68.35710573196411
68.6421046257019
68.9472324848175
69.18196821212769
69.46551752090454
69.72651767730713
70.09707760810852
70.41761684417725
70.75167798995972
71.04677104949951
71.39131903648376
71.67731952667236
71.91786170005798
72.23886132240295
72.54943799972534
72.87051320075989
73.20551300048828
73.74204444885254
74.00158452987671
74.38705730438232
74.63505744934082
74.9671938419342
75.24919390678406
75.50326418876648
75.8082640171051
76.09586763381958
76.35346031188965
76.66145920753479
76.91254448890686
77.19754338264465
82.42410922050476
83.98733377456665
86.57573795318604
87.57744288444519
89.51947236061096
90.56925535202026
91.64908289909363
92.7309730052948
93.59898138046265
95.2061173915863
96.34155511856079
97.47271609306335
98.10771584510803
99.02571487426758
99.02571487426758
100.56803393363953
101.26315116882324
102.01127481460571
102.96646022796631
103.91705012321472
104.17326474189758
104.4648323059082
104.71483373641968
105.00636434555054
105.25536322593689
105.54091310501099
105.83791422843933
106.08546304702759
106.39305663108826
106.64305639266968
107.0597186088562
107.34371876716614
107.59380388259888
107.91934943199158
108.49289512634277
108.73689460754395
109.02249670028687
109.2726526260376
109.59725165367126
109.88631319999695
110.15230321884155
110.44337391853333
110.76037430763245
111.01747250556946
111.31047201156616
111.55987787246704
111.88640785217285
112.20040798187256
112.60495066642761
112.85495114326477
113.14511203765869
113.41268754005432
113.70268654823303
114.2279839515686
114.50952506065369
114.7705249786377
115.10005712509155
115.38864040374756
115.65763974189758
115.95720481872559
116.20820641517639
116.49836134910583
116.81236004829407
117.0686399936676
117.35318660736084
117.60218667984009
117.89177632331848
118.13877463340759
118.42738890647888
118.67038893699646
118.95348119735718
119.20636129379272
119.50092816352844
120.11547923088074
120.35720491409302
120.6452043056488
120.87576794624329
121.1253092288971
121.43086910247803
121.72786927223206
122.09043765068054
122.37699222564697
122.72499299049377
123.01109743118286
123.33109736442566
123.58563685417175
123.87816715240479
124.12624263763428
124.40778350830078
124.65179061889648
124.94302749633789
125.18902659416199
125.75757336616516
126.01716756820679
126.33159279823303
126.59315133094788
126.88670444488525
127.14425921440125
127.45485424995422
127.69885492324829
127.9944396018982
128.24243903160095
128.55205249786377
128.79705238342285
129.11724305152893
129.4313726425171
129.71737337112427
129.96153569221497
130.25853562355042
130.50907444953918
130.8140742778778
131.44134974479675
131.6913480758667
131.97688722610474
131.97688722610474
132.31188869476318
132.56351017951965
132.85151052474976
133.11605763435364
133.41067171096802
133.6586718559265
133.95327877998352
134.20453763008118
134.52609944343567
134.81410002708435
135.0782928466797
135.39287853240967
135.65841054916382
135.94998693466187
136.2189872264862
136.5305836200714
137.13028383255005
137.3698513507843
137.65885186195374
137.9264624118805
138.22746229171753
138.49510598182678
138.78210735321045
139.03828072547913
139.3299310207367
139.58763647079468
139.87721753120422
140.12721872329712
140.41177582740784
140.67277431488037
140.9743173122406
141.23931741714478
141.5304253101349
141.78043413162231
142.07799816131592
142.3425648212433
142.90599727630615
143.21459245681763
143.46915245056152
143.78515219688416
144.07074737548828
144.32889819145203
144.62445211410522
144.9530384540558
145.20165729522705
146.49113249778748
147.54680061340332
148.13936066627502
149.64841198921204
150.3429811000824
151.10642838478088
151.41198539733887
151.65398526191711
151.9446144104004
152.19661450386047
152.49726343154907
152.80526542663574
153.07135128974915
153.36836051940918
153.62035965919495
153.94091963768005
154.22791957855225
154.56145572662354
155.1705620288849
155.53611254692078
155.8251121044159
156.15069031715393
156.40823459625244
156.71255135536194
156.9721519947052
157.265695810318
157.51224875450134
157.81524896621704
158.06982827186584
158.35239958763123
158.59840083122253
158.88292956352234
159.12849116325378
159.42202830314636
159.6780285835266
159.97259402275085
160.28159379959106
160.8352370262146
161.12242221832275
161.3709900379181
161.65898942947388
161.91556000709534
162.13856077194214
162.44611406326294
162.73310494422913
162.97963953018188
163.27170729637146
163.59325003623962
163.8482506275177
164.1378059387207
164.44535732269287
164.69235754013062
164.92990040779114
165.21846175193787
165.21846175193787
165.4690239429474
165.77102279663086
166.02858352661133
166.63728833198547
166.8863914012909
167.17394518852234
167.42748856544495
167.73749256134033
168.04203367233276
168.29303336143494
168.58457565307617
168.90039157867432
169.15198922157288
169.45603704452515
169.70403742790222
169.99557757377625
170.2545759677887
170.54915165901184
170.85515069961548
171.18778800964355
171.5554358959198
172.15806007385254
172.47163605690002
172.71863627433777
173.022305727005
173.25892615318298
173.5824863910675
173.87913823127747
174.1811385154724
174.43472051620483
174.7257218360901
175.00029110908508
175.2848219871521
175.6003918647766
175.84539222717285
176.16602849960327
176.419091463089
176.7130913734436
176.96468138694763
177.25527548789978
177.50692486763
178.11857223510742
178.47611713409424
178.77711725234985
179.03467893600464
179.337260723114
179.6248288154602
179.87238073349
180.1553807258606
180.41791892051697
180.70891952514648
180.96447682380676
181.34659886360168
181.59760332107544
181.8821623325348
182.14516305923462
182.4557523727417
182.76375246047974
183.0183503627777
183.60258793830872
183.85258865356445
184.1441342830658
184.40374755859375
184.69374752044678
184.94374084472656
185.22834706306458
185.47088241577148
185.7628812789917
186.01546430587769
186.30388689041138
186.55675315856934
186.85584616661072
187.18689513206482
187.43145656585693
187.72245407104492
187.97399473190308
188.26799416542053
188.51762175559998
188.80362248420715
189.36323475837708
189.67623329162598
189.99585962295532
190.26585841178894
190.5784764289856
190.83247661590576
191.13204884529114
191.4351851940155
191.68818545341492
191.98624420166016
192.25324487686157
192.57563591003418
192.89030504226685
193.15530467033386
193.87794065475464
194.85822796821594
195.85799145698547
197.0012092590332
197.28776359558105
197.54831314086914
197.54831314086914
197.8393132686615
198.09388256072998
198.38848614692688
198.64748620986938
198.956063747406
199.23560500144958
199.56323671340942
199.82023739814758
200.12543106079102
200.38565683364868
200.68384432792664
201.25000643730164
201.55280923843384
201.80318355560303
202.10752773284912
202.37581205368042
202.6773591041565
202.93792700767517
203.25184988975525
203.56601476669312
203.83101439476013
204.1280152797699
204.39914989471436
204.70114994049072
204.97170066833496
205.27216339111328
205.55671787261963
205.86233115196228
206.12432885169983
206.42838072776794
206.68138122558594
207.30274772644043
207.59233260154724
207.86388516426086
208.17688727378845
208.43356323242188
208.7395784854889
208.9971227645874
209.29373955726624
209.5384874343872
209.77048873901367
210.06207919120789
210.31169867515564
210.60158705711365
210.90612149238586
211.15412020683289
211.45831751823425
211.72131824493408
212.0209183692932
212.2872166633606
212.5995786190033
213.24981236457825
213.6000714302063
213.87898874282837
214.2215015888214
214.5541377067566
214.86168932914734
215.18175268173218
215.43739676475525
215.7321081161499
215.99566340446472
216.327565908432
216.6311948299408
216.96115612983704
217.23306846618652
217.57033705711365
217.8667914867401
218.188871383667
218.4526400566101
218.81608867645264
219.51325106620789
219.77602529525757
220.12336492538452
220.45852255821228
220.7605185508728
221.08778023719788
221.42199039459229
221.67494559288025
221.95673179626465
222.20998072624207
222.5160210132599
222.84438562393188
223.09594583511353
223.38460898399353
223.6520116329193
223.9456353187561
224.20849609375
224.50012922286987
224.74552989006042
225.3649353981018
225.70193457603455
226.02350044250488
226.2842652797699
226.58695816993713
226.86905002593994
227.2070505619049
227.50419306755066
227.76307129859924
228.07970714569092
228.07970714569092
228.41104888916016
228.74881076812744
229.11704874038696
229.42484641075134
229.69406986236572
230.04172229766846
230.3432900905609
230.60488986968994
231.2596571445465
231.53125643730164
231.82284903526306
232.1236662864685
232.4371678829193
232.70290303230286
233.0977499485016
233.43003606796265
233.68679189682007
234.0197184085846
234.3945927619934
234.74616146087646
235.0237672328949
235.34710001945496
235.7083637714386
236.00201201438904
236.3647222518921
236.6863033771515
236.94916486740112
237.64427423477173
237.91236782073975
238.2258961200714
238.49209547042847
238.79511952400208
239.04828691482544
239.35916876792908
239.6259958744049
239.92959451675415
240.20034766197205
240.48665595054626
240.754163980484
241.05535769462585
241.31206226348877
241.62971925735474
241.93511247634888
242.18900609016418
242.51819348335266
242.8678207397461
243.1454210281372
243.79833364486694
244.08987855911255
244.33022332191467
244.62739896774292
244.90363264083862
245.25939202308655
245.57404565811157
245.84815979003906
246.2150523662567
246.54875111579895
246.8436415195465
247.18913960456848
247.57171177864075
247.89023423194885
248.18367099761963
248.51242089271545
248.79457807540894
249.14954352378845
249.49495697021484
250.12099814414978
250.40060448646545
250.7221167087555
250.98932528495789
251.296320438385
251.57358980178833
251.88514518737793
252.14353227615356
252.44410037994385
252.6961007118225
253.02565264701843
253.3532350063324
253.6388897895813
254.05546259880066
254.3119456768036
254.6375436782837
254.9051022529602
255.2071030139923
255.4536440372467
256.07691860198975
256.34802508354187
256.5934145450592
256.9090075492859
257.17501497268677
257.4982452392578
257.83924317359924
258.4171099662781
259.39421677589417
260.35562562942505
262.11789417266846
263.23714661598206
263.86689853668213
264.5977327823639
264.5977327823639
265.2577106952667
265.5229115486145
265.82191228866577
266.09597873687744
266.4145703315735
266.683358669281
266.98410868644714
267.2511088848114
267.55225944519043
268.17281103134155
268.42937707901
268.73838472366333
269.0599317550659
269.3219323158264
269.6149814128876
269.9056098461151
270.22446489334106
270.4758105278015
270.7808110713959
271.03836727142334
271.3443660736084
271.6245663166046
271.93311953544617
272.1921203136444
272.5163447856903
272.7813446521759
273.0779621601105
273.3429615497589
273.65954780578613
274.2771120071411
274.564927816391
274.8252589702606
275.11780834198
275.37437748908997
275.67176246643066
275.9426782131195
276.2310440540314
276.479323387146
276.7714533805847
277.01651430130005
277.2464830875397
277.53502893447876
277.7861530780792
278.074419260025
278.33092737197876
278.6266841888428
278.8722858428955
279.1772861480713
279.42981910705566
280.0457043647766
280.2986590862274
280.6012854576111
280.87083435058594
281.172402381897
281.4242079257965
281.7153127193451
282.03983998298645
282.3195061683655
282.64695167541504
282.95645117759705
283.2804503440857
283.5340461730957
283.8651580810547
284.1531581878662
284.41118478775024
284.7231843471527
284.97427225112915
285.2684078216553
285.5259885787964
286.15585803985596
286.4002890586853
286.687292098999
286.93483662605286
287.2368047237396
287.4907476902008
287.78741359710693
288.0344989299774
288.33671522140503
288.58089804649353
288.8714818954468
289.1310772895813
289.3564531803131
289.68099093437195
289.97030687332153
290.22500443458557
290.5363566875458
290.79935789108276
291.1108224391937
291.8077027797699
292.1162803173065
292.4518566131592
292.73507809638977
293.0347867012024
293.2932891845703
293.61083483695984
293.9188656806946
294.22927236557007
294.4878444671631
294.8070523738861
294.8070523738861
295.10084223747253
295.4044077396393
295.67727160453796
295.99336290359497
296.2625935077667
296.56536173820496
296.8333616256714
297.0823893547058
297.3908586502075
298.0503795146942
298.3519515991211
298.6049711704254
298.8930699825287
299.15160632133484
299.459938287735
299.76663041114807
300.0988223552704
300.38858437538147
300.7014126777649
300.96470856666565
301.22839069366455
301.54871344566345
301.82358956336975
302.14409375190735
302.5132508277893
302.82489371299744
303.1053183078766
303.346905708313
303.6893997192383
304.34336853027344
304.6116533279419
304.86440420150757
305.1807670593262
305.44787645339966
305.73848366737366
306.012633562088
306.33363246917725
306.58575773239136
306.87233781814575
307.1203365325928
307.42945408821106
307.6923155784607
308.0039005279541
308.2339005470276
308.5406184196472
308.7856206893921
309.04627656936646
309.3620755672455
309.6541488170624
310.30472326278687
310.6075978279114
310.8597128391266
311.16622614860535
311.4222526550293
311.73332691192627
311.99967217445374
312.2975585460663
312.5470378398895
312.8350386619568
313.0956144332886
313.3912353515625
313.6493911743164
313.99086833000183
314.30300426483154
314.6740140914917
315.005028963089
315.29148411750793
315.6362042427063
316.41780614852905
316.66893243789673
316.9690761566162
317.2896103858948
317.54992723464966
317.83554315567017
318.14670300483704
318.521320104599
318.8685140609741
319.1616861820221
319.4917106628418
319.78768944740295
320.0421164035797
320.33295035362244
320.67166686058044
320.9966359138489
321.3088665008545
321.6954069137573
322.00027871131897
322.361496925354
323.0240128040314
323.2924425601959
323.5840322971344
323.87807989120483
324.24554228782654
324.57660579681396
324.930095911026
325.28520488739014
325.6007823944092
325.8624200820923
326.1919312477112
326.1919312477112
326.45754981040955
326.78092551231384
327.03886008262634
327.39329385757446
327.7179641723633
328.0755076408386
328.3956573009491
328.7559688091278
329.57059693336487
329.9766993522644
330.2608664035797
330.5510461330414
330.84685587882996
331.1517586708069
331.42444252967834
331.7865836620331
332.160835981369
332.43559741973877
332.7711672782898
333.0658037662506
333.4142315387726
333.67523169517517
333.98021602630615
334.2597267627716
334.5816957950592
334.86333537101746
335.177045583725
335.8355746269226
336.19595861434937
336.47760486602783
336.79786562919617
337.09707403182983
337.37852716445923
337.70003151893616
337.9776077270508
338.29054069519043
338.5558388233185
338.8524663448334
339.12674713134766
339.4450407028198
339.7241816520691
340.0350410938263
340.2915527820587
340.62440514564514
341.2626359462738
342.40376329421997
343.6297175884247
344.8865315914154
345.58397698402405
346.26194977760315
346.68774938583374
346.9589412212372
347.3061275482178
347.61229634284973
347.8830933570862
348.22609281539917
348.87079095840454
349.16824984550476
349.49984860420227
349.787122964859
350.09280800819397
350.41493558883667
350.6951904296875
351.0145480632782
351.3092415332794
351.5794370174408
351.8994653224945
352.1961395740509
352.5137610435486
352.77012848854065
353.0698211193085
353.32526183128357
353.6333339214325
353.8895034790039
354.19599890708923
354.8925898075104
355.1592605113983
355.467303276062
355.7257044315338
356.01480865478516
356.3407893180847
356.5843918323517
356.87337493896484
357.12360167503357
357.4230570793152
357.68905878067017
357.99206709861755
358.24835562705994
358.5420639514923
358.80906343460083
359.12169432640076
359.4408621788025
359.705863237381
360.01043915748596
360.27144026756287
360.9561562538147
361.2101559638977
361.5024597644806
361.8135097026825
361.8135097026825
362.0695424079895
362.3798234462738
362.61482524871826
362.8613967895508
363.1443946361542
363.40894627571106
363.7147681713104
363.9966576099396
364.2915155887604
364.54934644699097
364.8579697608948
365.1528413295746
365.41241693496704
365.7244164943695
365.99156975746155
366.2865686416626
366.93676948547363
367.23976850509644
367.50766587257385
367.7923746109009
368.0456805229187
368.3420250415802
368.6013083457947
368.91967964172363
369.1906268596649
369.49720287323
369.77220344543457
370.08088088035583
370.3394844532013
370.6355776786804
370.88840079307556
371.1947932243347
371.4677379131317
371.7828378677368
372.0369589328766
372.347368478775
373.06573700904846
373.3671097755432
373.5997622013092
373.85143995285034
374.14420199394226
374.399539232254
374.7077250480652
374.97135734558105
375.2920663356781
375.55052971839905
375.8986122608185
376.2133057117462
376.47172808647156
376.76189064979553
377.01746559143066
377.3014657497406
377.55431723594666
377.84831738471985
378.11886763572693
378.43199491500854
379.1228187084198
379.3728313446045
379.66588068008423
379.93154191970825
380.248592376709
380.50529193878174
380.8133444786072
381.08640336990356
381.39461040496826
381.70960116386414
381.96482491493225
382.26682591438293
382.5204966068268
382.7494773864746
383.0395972728729
383.29264974594116
383.58093881607056
383.83287501335144
384.1243517398834
384.3796720504761
385.0891396999359
385.40093874931335
385.7327525615692
385.981369972229
386.2763731479645
386.523490190506
386.826673746109
387.08667731285095
387.39443373680115
387.64941000938416
387.9326195716858
388.1912043094635
388.48652267456055
388.73681640625
389.02838134765625
389.2892348766327
389.6025924682617
389.8515932559967
390.14527130126953
390.90851044654846
391.1795082092285
391.5080590248108
391.77735328674316
391.77735328674316
392.0739302635193
392.302930355072
392.62401247024536
392.87967228889465
393.18667221069336
393.44109177589417
393.75460410118103
394.00498723983765
394.3299844264984
394.620498418808
394.89566111564636
395.17686462402344
395.4419832229614
395.7459840774536
396.90652775764465
397.60715341567993
398.2886424064636
398.5532467365265
398.8754029273987
399.12240290641785
399.4415638446808
399.70756435394287
400.02767395973206
400.28238821029663
400.59917426109314
400.88259720802307
401.15704131126404
401.46749901771545
401.71405720710754
402.010835647583
402.25398325920105
402.5435862541199
403.25169014930725
403.5567831993103
403.827885389328
404.12233662605286
404.37879610061646
404.679399728775
404.92794942855835
405.2079498767853
405.47193598747253
405.76906156539917
406.02527809143066
406.31227850914
406.5673871040344
406.88692450523376
407.17243933677673
407.4345188140869
407.726859331131
407.9859845638275
408.2179853916168
408.51756525039673
409.1836862564087
409.4972298145294
409.74723052978516
410.04632019996643
410.3107304573059
410.66833233833313
410.9410274028778
411.2320284843445
411.50303864479065
411.8219485282898
412.08857107162476
412.3780517578125
412.66506004333496
412.9594757556915
413.213342666626
413.50998854637146
413.77000188827515
414.0637381076813
414.31437134742737
414.61068964004517
415.2723731994629
415.5842294692993
415.8302299976349
416.13985896110535
416.4065442085266
416.7124083042145
417.0401244163513
417.3050377368927
417.59374475479126
417.8533387184143
418.1429102420807
418.3970191478729
418.71378540992737
418.966347694397
419.24644351005554
419.5145471096039
419.82161712646484
420.0696702003479
420.37267112731934
420.63477754592896
421.3418879508972
421.65948390960693
421.9013478755951
422.15069246292114
422.4595286846161
422.7160770893097
423.0110297203064
423.0110297203064
423.26801800727844
423.58189058303833
423.85053420066833
424.17441964149475
424.45231580734253
424.78887009620667
425.05783438682556
425.3508310317993
425.59755754470825
425.8489944934845
426.1425540447235
426.39080929756165
426.6811490058899
427.3483066558838
427.642249584198
427.90096378326416
428.2106432914734
428.458678483963
428.75982642173767
429.0143015384674
429.3267056941986
429.6333341598511
429.944340467453
430.1898624897003
430.49067306518555
430.7636728286743
431.07150435447693
431.32619547843933
431.6235420703888
431.8992655277252
432.2010531425476
432.48065853118896
433.20824694633484
433.4789044857025
433.7875895500183
434.04927349090576
434.3133409023285
434.6113917827606
434.8653898239136
435.1445429325104
435.6004660129547
437.1996839046478
438.75363969802856
439.48380732536316
440.58987736701965
441.6635913848877
442.24909687042236
442.347097158432
442.40409660339355
442.50769662857056
442.65269660949707
443.1026883125305
443.7307393550873
444.02630138397217
444.283873796463
444.5889756679535
444.8445646762848
445.13911509513855
445.44888949394226
445.72912859916687
446.46007227897644
446.71911454200745
447.0181140899658
447.2811133861542
447.58511447906494
447.85111260414124
448.170113325119
448.46311378479004
448.76511430740356
449.0211133956909
449.32111406326294
449.5771141052246
449.87011313438416
450.14411330223083
450.4481129646301
450.7151200771332
451.0311131477356
451.313113451004
451.6241126060486
451.88611245155334
452.63611364364624
452.91611313819885
453.262113571167
453.5311133861542
453.86311292648315
454.13511419296265
454.43511271476746
454.7031145095825
455.01711416244507
455.290114402771
455.5911138057709
455.85911536216736
456.18611240386963
456.4671142101288
456.8551137447357
457.1501131057739
457.4561126232147
457.7301137447357
458.04811334609985
458.04811334609985
458.3111128807068
459.16311287879944
459.45911598205566
459.8211131095886
460.14511585235596
460.43111515045166
460.74211406707764
461.00511384010315
461.3301157951355
461.6521141529083
461.9661147594452
462.22711420059204
462.55311369895935
462.8701136112213
463.138121843338
463.4351143836975
463.706111907959
464.0131130218506
464.2941138744354
464.6441125869751
465.40211272239685
465.67311334609985
465.9781143665314
466.24412274360657
466.54611444473267
466.82211351394653
467.14111328125
467.4151132106781
467.751113653183
468.0241141319275
468.3361132144928
468.59811329841614
468.90711426734924
469.19911432266235
469.52911376953125
469.85411286354065
470.18111538887024
470.53311419487
470.79488229751587
471.0818815231323
471.8338840007782
472.12888169288635
472.38388299942017
472.6918830871582
472.9538826942444
473.26388216018677
473.56388235092163
473.9108817577362
474.1838834285736
474.4898817539215
474.7528817653656
475.0668818950653
475.3338830471039
475.67239332199097
476.0522611141205
476.35958456993103
476.6705963611603
476.9336133003235
477.2531967163086
477.52724146842957
478.2990448474884
478.56737661361694
478.87737679481506
479.132376909256
479.4330017566681
479.70617938041687
480.0118064880371
480.27568006515503
480.57868456840515
480.83758902549744
481.135626077652
481.4055986404419
481.70523023605347
481.9672064781189
482.27028822898865
482.5417892932892
482.85738372802734
483.1104109287262
483.4270853996277
483.6841320991516
484.436616897583
484.70493364334106
485.01693415641785
485.30542063713074
485.6300346851349
485.9090642929077
486.22235894203186
486.4808714389801
486.7888491153717
487.0487961769104
487.3499457836151
487.67486333847046
487.9621694087982
488.26030254364014
488.5205821990967
488.82244300842285
489.08244347572327
489.39668560028076
489.6498131752014
489.6498131752014
489.9518129825592
490.6659882068634
490.98398876190186
491.27907705307007
491.7911446094513
492.71337723731995
493.4054205417633
494.2513213157654
494.5615065097809
494.8125078678131
495.1125075817108
495.3931128978729
495.72689723968506
496.03180742263794
496.74901032447815
497.0510103702545
497.31023812294006
497.6075978279114
497.8725974559784
498.1901865005493
498.5027642250061
498.7613596916199
499.0883572101593
499.4363567829132
499.7077977657318
500.0240287780762
500.284725189209
500.5948417186737
500.8677577972412
501.25101470947266
501.59400749206543
501.86317253112793
502.18929529190063
502.4742543697357
503.22356629371643
503.48444151878357
503.7882328033447
504.07618379592896
504.4584949016571
504.7829818725586
505.04141426086426
505.3704855442047
505.63529777526855
505.93307638168335
506.20099997520447
506.51275515556335
506.8520748615265
507.1433939933777
507.45284962654114
507.7119371891022
508.04280185699463
508.3313763141632
508.667076587677
509.46830582618713
509.7819929122925
510.05238032341003
510.3864760398865
510.712468624115
511.03346991539
511.29674315452576
511.60223627090454
511.8702359199524
512.182962179184
512.4540269374847
512.7901558876038
513.0561583042145
513.3582849502563
513.6170315742493
513.9247581958771
514.1972787380219
514.5059509277344
514.78014087677
515.1176505088806
515.9049308300018
516.1801109313965
516.4811687469482
516.7612445354462
517.0842478275299
517.4058241844177
517.6799192428589
517.9945647716522
518.2663948535919
518.5673279762268
518.844484090805
519.1855177879333
519.4756467342377
519.7942824363708
520.0565927028656
520.3528978824615
520.6247713565826
520.9168889522552
521.1954920291901
521.9499342441559
522.2205300331116
522.5536828041077
522.8702592849731
523.1428158283234
523.4544229507446
523.7057154178619
523.7057154178619
524.0227167606354
524.2939109802246
524.5974028110504
524.8764026165009
525.179034948349
525.4530363082886
525.7666425704956
526.0206410884857
526.324868440628
526.5855529308319
526.8872227668762
527.1372220516205
527.4447677135468
528.1715943813324
528.4819197654724
528.7420599460602
529.0360589027405
529.305614233017
529.6161887645721
529.8660171031952
530.1661703586578
530.4897515773773
530.7403059005737
531.0557270050049
531.3703405857086
531.6330075263977
531.9330079555511
532.1876244544983
532.4898738861084
532.7601480484009
533.0661461353302
533.3249361515045
533.6245160102844
534.413060426712
534.6775238513947
534.9776458740234
535.2437114715576
535.5394451618195
535.8030459880829
536.1007497310638
536.370762348175
536.683153629303
536.9941527843475
537.2542715072632
537.5893864631653
537.895272731781
538.151930809021
538.4510641098022
538.709789276123
539.0073547363281
539.2713785171509
539.5849175453186
540.3038637638092
540.6111750602722
540.871176481247
541.1571762561798
541.4197273254395
541.7288115024567
542.0398263931274
542.2870593070984
542.5856668949127
542.8376679420471
543.1446666717529
543.4062690734863
543.708233833313
543.966233253479
544.2818040847778
544.5450923442841
544.8378596305847
545.1528718471527
545.4210798740387
545.7372665405273
546.5034992694855
546.8215260505676
547.0875415802002
547.5955629348755
547.8558402061462
548.1698405742645
548.4238419532776
548.7359321117401
549.0039331912994
549.3490059375763
549.6395709514618
549.9565706253052
550.2625689506531
550.5677525997162
550.8467514514923
551.2003765106201
551.5429873466492
551.8589861392975
552.1249866485596
553.0084252357483
553.2999918460846
553.6386063098907
553.9167582988739
554.2224586009979
554.5147569179535
554.8188557624817
555.0748541355133
555.0748541355133
555.4024360179901
555.6710023880005
555.9820029735565
556.2445523738861
556.5438282489777
556.8038294315338
557.093828201294
557.3527915477753
557.652429819107
557.9114301204681
558.214026927948
558.4690234661102
559.2775027751923
559.6238751411438
559.8868741989136
560.1974964141846
560.4460065364838
560.7550187110901
561.0170488357544
561.3333561420441
561.6609942913055
562.0299956798553
563.1003813743591
564.2741820812225
566.4229860305786
567.1380608081818
567.8100488185883
568.5406794548035
569.5168902873993
570.1871767044067
570.6387255191803
570.91672539711
571.2664058208466
571.5315599441528
572.5522048473358
573.1333441734314
573.4886555671692
573.7693765163422
574.0883769989014
574.3637297153473
574.7003381252289
574.9658615589142
575.2679116725922
575.5251243114471
575.8696384429932
576.2012519836426
576.5242555141449
576.8206126689911
577.1699676513672
577.442955493927
577.7665972709656
578.0354912281036
578.8601732254028
579.115579366684
579.4192049503326
579.7302782535553
580.0025050640106
580.3071310520172
580.5682225227356
580.8548278808594
581.1068339347839
581.4019210338593
581.6623492240906
581.9660708904266
582.2275025844574
582.5457234382629
582.8439722061157
583.0993266105652
583.4050493240356
583.6696050167084
583.9731516838074
584.235518693924
585.0189480781555
585.2967166900635
585.5915167331696
585.8395173549652
586.1548745632172
586.4714660644531
586.7292726039886
587.0298690795898
587.3461844921112
587.6087377071381
587.8988230228424
588.1548225879669
588.451411485672
588.7167356014252
589.0107350349426
589.2687346935272
589.5613033771515
589.8073043823242
590.1003041267395
590.83846616745
591.1464643478394
591.4370851516724
591.692672252655
591.9786212444305
592.2298839092255
592.571058511734
592.8699042797089
