-5.0
-5.0
-5.0
-5.0
-5.0
-5.0
-5.0
-5.0
-5.0
-5.0
-5.0
-5.0
-5.0
-5.0
-5.0
-5.0
-5.0
-5.0
-5.0
-5.0
-5.0
-5.0
-5.0
-5.0
-5.0
-5.0
-5.0
-5.0
-5.0
-5.0
-5.0
-5.0
-5.0
-5.0
-5.0
-5.0
-5.0
-5.0
-5.0
-5.0
-5.0
-5.0
-5.0
-5.0
-5.0
-5.0
-5.0
-5.0
-5.0
-5.0
-5.0
-5.0
-5.0
-5.0
-5.0
-5.0
-5.0
-4.39
-3.8409999999999997
-3.9568999999999996
-4.061209999999999
-0.08508899999999908
6.303419900000001
6.40307791
5.882770119000001
4.794493107100001
3.8150437963900012
2.9335394167510014
2.1401854750759015
1.4261669275683113
1.3935502348114803
0.7541952113303323
0.1787756901972991
1.9108981211775693
1.8298083090598125
1.1468274781538312
1.1521447303384482
2.9569302573046032
2.7912372315741427
5.902113508416729
9.881902157575055
16.32371194181755
19.431340747635794
20.29820667287222
18.398386005584996
27.4485474050265
33.29369266452385
51.49432339807147
70.86489105826432
83.72840195243789
95.66556175719411
105.58900558147471
105.66010502332723
107.33409452099451
130.19068506889505
141.31161656200555
157.190454905805
168.62140941522452
179.91926847370206
184.63734162633187
184.63734162633187
189.49360746369868
194.5142467173288
204.21282204559594
214.37153984103637
220.33438585693273
228.92094727123947
231.82885254411553
230.32596728970398
234.5233705607336
239.29103350466025
245.12193015419422
251.1697371387748
246.76276342489732
261.4664870824076
266.12983837416687
272.32685453675015
276.56416908307517
280.28775217476766
281.0089769572909
278.0380792615618
280.05427133540564
284.6888442018651
283.1799597816786
285.5719638035107
290.89476742315964
296.06529068084365
300.3187616127593
299.7068854514834
302.3561969063351
299.5005772157016
302.04051949413144
305.5064675447183
310.9858207902465
315.6872387112219
313.9385148400997
323.4346633560897
329.62119702048074
337.5690773184327
338.3921695865894
338.79295262793045
339.7436573651374
336.59929162862363
343.0293624657613
345.5964262191852
351.4867835972667
354.84810523754004
353.81329471378604
353.87196524240744
350.5147687181667
352.10329184635003
353.34296266171503
356.6486663955435
353.3737997559891
352.65641978039025
355.27077780235123
353.9837000221161
362.29533001990455
359.9057970179141
359.7952173161227
364.8756955845105
355.9981260260595
357.89831342345354
367.0384820811082
367.3946338729974
371.7751704856977
374.7276534371279
380.7548880934151
388.1993992840736
390.70945935566624
393.36851342009965
398.9816620780897
399.57349587028074
403.55614628325264
407.7505316549274
406.91547848943463
411.5939306404912
412.9645375764421
409.94808381879795
409.46327543691814
413.65694789322635
414.65125310390374
416.7261277935134
420.0035150141621
421.12316351274586
421.3308471614713
399.2477624453242
373.39298620079177
352.72368758071264
329.1213188226414
316.01918694037727
307.2872682463396
293.86854142170563
289.4016872795351
293.3915185515816
275.44236669642345
266.1781300267811
271.50031702410297
268.47028532169264
258.0832567895234
258.0832567895234
244.69493111057102
239.69543799951393
236.22589419956253
233.94330477960628
232.82897430164564
249.0260768714811
268.233469184333
277.9201222658997
294.48811003930973
310.78929903537875
322.5803691318409
333.23233221865684
342.79909899679114
348.16918909711205
359.42227018740084
366.62004316866074
374.2980388517947
381.8182349666152
388.96641146995364
394.2197703229583
400.0877932906625
404.35901396159625
408.45311256543664
409.737801308893
413.04402117800373
417.0296190602034
418.63665715418307
421.0929914387648
423.5136922948883
425.7123230653995
428.07109075885955
429.35398168297365
425.9385835146763
428.31472516320866
430.2432526468878
429.918927382199
430.6570346439791
430.12133117958115
431.619198061623
426.94727825546073
428.19255042991466
429.5232953869232
429.48096584823094
432.8928692634079
433.3535823370671
433.7682241033604
433.76140169302437
432.28526152372194
427.5267353713498
428.31406183421484
429.0026556507934
420.15239008571405
416.8171510771427
414.61543596942846
416.29389237248563
417.194503135237
410.47505282171335
411.957547539542
407.25179278558784
410.2166135070291
412.9249521563262
410.7124569406936
413.0112112466242
417.8800901219618
421.63208110976564
422.1688729987891
422.8619856989102
424.0957871290192
427.62620841611727
425.37358757450556
422.92622881705506
415.4836059353496
416.06524534181466
408.1087208076332
411.80784872686985
416.5470638541829
413.5923574687646
414.3231217218881
412.9808095496993
415.20272859472936
407.3324557352564
410.7092101617308
410.94828914555774
414.783460231002
413.1851142079018
412.5866027871116
404.17794250840046
406.06014825756046
407.9641334318044
406.667720088624
411.3509480797616
412.7058532717855
417.41526794460697
419.19374115014625
419.3843670351317
422.79593033161854
420.1663372984567
422.08970356861107
425.21073321175
425.21073321175
426.419659890575
426.49769390151755
425.3679245113658
425.9711320602292
422.8340188542063
425.7306169687857
428.27755527190715
427.3497997447164
428.7248197702448
429.14233779322035
429.9381040138983
431.0742936125085
429.2368642512576
429.6431778261318
424.1788600435186
420.4609740391668
421.1548766352501
422.4993889717251
424.14945007455265
419.5745050670974
412.04705456038766
412.7823491043489
414.984114193914
412.6257027745226
416.0831324970703
415.5948192473633
415.32533732262704
414.2828035903643
416.7745232313279
414.6170709081951
411.43536381737556
416.231827435638
418.8886446920742
420.1597802228668
423.6638022005801
421.40742198052214
417.35667978246994
416.301011804223
418.5909106238007
409.5818195614207
414.1636376052786
410.16727384475075
412.04054646027566
412.3364918142481
414.6428426328233
389.798558369541
367.29870253258696
350.6688322793283
345.2819490513955
336.043754146256
341.9493787316304
346.6844408584674
355.5559967726207
365.71039709535864
374.4493573858228
371.6844216472405
377.40597948251644
379.9453815342648
384.4208433808384
387.2887590427546
390.3198831384791
393.6078948246312
395.5371053421681
400.7433948079513
405.8490553271562
406.7641497944406
409.37773481499653
412.1499613334969
415.6349652001472
416.64146868013245
418.5373218121192
420.6235896309073
422.7112306678166
425.750107601035
427.30509684093147
425.7145871568383
428.8931284411545
426.473815597039
429.4264340373351
428.78379063360165
431.4054115702415
428.77487041321734
431.2673833718956
427.43064503470606
430.01758053123547
425.44582247811195
429.0512402303008
419.6061162072707
421.9855045865437
419.6869541278893
416.3782587151004
414.0504328435904
406.8853895592314
399.99685060330825
399.28716554297745
401.2784489886797
394.97060408981173
394.30354368083056
392.3331893127475
392.3331893127475
397.0398703814727
403.6958833433255
406.44629500899293
411.13166550809365
413.3884989572843
414.3696490615559
415.2526841554003
418.04741573986024
415.5126741658742
418.2814067492868
421.97326607435815
413.8159394669224
417.78434552023015
413.9159109682072
415.7043198713865
419.67388788424785
423.0564990958231
425.26084918624076
426.82476426761673
428.23228784085507
428.3390590567696
428.39515315109264
430.29563783598337
428.956074052385
428.4004666471466
424.0104199824319
419.75937798418875
422.94344018576993
421.749096167193
417.60418655047374
414.7537678954264
416.0183911058838
417.13655199529546
417.78289679576596
407.8046071161894
408.7341464045704
413.44073176411337
416.8766585877021
414.28899272893193
413.73009345603873
413.49708411043486
418.0673756993914
418.58063812945227
414.60257431650706
413.4423168848564
416.0580851963707
417.9322766767337
420.0790490090603
423.63114410815433
422.7280296973389
425.80522672760503
427.35470405484455
428.7492336493601
429.8143102844241
429.99287925598173
430.6835913303836
429.4952321973452
429.47570897761074
426.3681380798497
422.01132427186474
422.7201918446783
422.3281726602105
424.4553553941895
423.50981985477057
425.49883786929354
419.8389540823642
421.8150586741277
419.323552806715
421.5011975260435
423.42107777343915
424.61896999609525
428.1170729964857
427.81536569683715
429.16382912715346
429.9374462144381
430.29370159299435
430.5943314336949
427.64489829032544
427.3304084612929
427.48736761516363
427.2886308536473
428.45976776828263
428.7737909914544
428.40641189230894
429.06577070307804
428.2691936327703
426.1622742694933
428.096046842544
429.45644215828963
429.65079794246066
429.04571814821463
428.8611463333932
429.0950317000539
421.46552853004846
405.4689756770436
390.0120781093392
375.6708702984053
383.0337832685648
388.4604049417083
388.4604049417083
393.13436444753745
396.9409280027837
402.78683520250536
406.0281516822548
409.3453365140294
411.9308028626264
414.6777225763638
417.48995031872744
415.2409552868547
412.2068597581693
410.46617378235237
411.33955640411716
409.49560076370545
409.8760406873349
405.1484366186014
408.40359295674125
411.1032336610672
410.4829102949605
409.94461926546444
411.460157338918
411.41414160502626
410.9727274445236
414.40545470007123
409.56490923006413
412.08841830705774
412.379576476352
415.2516188287168
418.86645694584513
424.13981125126065
425.07583012613463
422.65824711352116
422.5624224021691
423.4261801619522
423.15356214575695
424.5882059311813
426.25938533806317
427.57344680425683
423.8761021238312
415.95849191144805
414.05264272030325
408.677378448273
410.5296406034457
409.3966765431012
410.3370088887911
407.77330799991205
410.5159771999208
408.33437947992877
406.5809415319359
405.3828473787423
404.9345626408681
403.7311063767813
407.6779957391032
411.25019616519285
414.08517654867353
413.7766588938062
411.91899300442554
416.437093703983
415.9033843335847
416.6530459002263
418.88774131020364
420.1589671791833
420.443070461265
421.7287634151385
421.26588707362464
422.0692983662622
422.982368529636
421.1941316766724
420.38471850900515
421.88624665810465
417.3276219922942
418.69485979306484
421.1653738137584
415.70883643238255
415.5779527891443
418.5301575102299
420.5971417592069
419.8474275832862
422.60268482495763
419.2524163424619
422.2971747082157
424.19745723739413
427.12771151365473
422.06494036228924
424.65844632606036
422.91260169345435
425.5513415241089
416.39620737169804
417.11658663452823
418.5449279710754
415.7704351739679
414.72339165657115
416.79105249091407
419.6619472418227
423.0657525176404
420.4691772658764
415.75225953928873
417.88703358535986
421.40833022682386
421.8174972041415
421.8174972041415
421.7857474837274
425.12717273535463
423.9044554618192
427.2640099156373
425.6376089240736
413.9238480316663
409.61146322849964
412.55031690564965
415.61528521508467
417.9937566935762
414.87438102421856
417.87694292179674
420.4092486296171
421.46832376665543
420.40149138998987
421.1013422509909
422.7412080258918
424.40708722330265
426.2663785009724
420.3197406508752
423.80776658578765
425.7269899272089
428.274290934488
431.1968618410392
434.8371756569353
433.82345809124183
427.52111228211766
430.0990010539059
430.22910094851534
427.7161908536638
427.6645717682975
430.64811459146773
424.35330313232095
417.14797281908886
421.58317553717995
420.73485798346195
416.5613721851157
410.36523496660413
413.26871146994375
410.68184032294937
413.51365629065447
412.06229066158903
412.94606159543014
415.78145543588715
418.54330989229845
422.2089789030686
424.2880810127618
419.1092729114856
420.96834562033706
418.7315110583034
420.3983599524731
418.63852395722574
421.9346715615032
423.8712044053529
417.9940839648176
418.6846755683359
420.58620801150226
422.6175872103521
423.0958284893169
419.65624564038524
421.0406210763467
423.06655896871206
421.45990307184087
424.45391276465676
427.3385214881911
428.714669339372
422.9232024054348
422.3808821648913
424.9027939484022
425.72251455356195
428.90026309820576
428.3302367883852
429.6072131095467
422.086491798592
423.22784261873284
421.1850583568596
423.99655252117367
425.3268972690563
427.55420754215066
426.7387867879356
428.40490810914207
427.88441729822785
429.4559755684051
429.44037801156463
424.9063402104082
422.48570618936736
423.1271355704306
413.83442201338755
419.1909798120488
420.39188183084394
420.48269364775956
423.53442428298365
419.90098185468526
402.40088366921674
385.6507953022951
368.72571577206554
353.533144194859
335.5298297753731
318.46684679783584
318.46684679783584
316.1601621180523
330.0441459062471
338.53973131562236
346.16575818406017
357.88918236565416
367.85026412908877
369.11523771617993
366.65371394456196
373.8883425501058
366.0895082950952
363.93055746558565
370.0475017190271
374.1627515471244
379.69647639241197
385.41682875317076
384.5851458778537
388.6366312900683
384.1829681610615
384.6346713449554
389.3312042104599
392.90808378941387
397.3472754104725
399.9525478694253
403.4372930824828
400.78356377423455
404.6052073968111
403.16468665713
404.288217991417
400.2893961922753
404.5804565730478
401.18241091574305
402.54416982416876
396.33975284175193
391.70577755757677
394.81519980181906
394.0136798216372
395.0823118394735
394.8640806555262
391.8076725899736
396.71690533097626
388.65521479787867
383.20969331809084
380.1187239862818
385.22685158765364
386.7941664288883
388.8347497859994
386.4212748073995
392.49914732665957
392.70923259399365
392.7283093345943
397.5454784011349
405.1209305610214
403.0388375049193
407.30495375442734
413.9444583789846
410.6000125410862
408.6400112869776
411.4860101582799
402.1574091424519
401.2116682282067
400.19050140538604
403.50145126484745
397.6013061383627
388.82117552452644
385.7990579720738
391.51915217486646
394.6672369573798
401.33051326164184
407.97746193547766
408.4697157419299
407.92274416773694
409.2204697509633
407.988422775867
406.8795804982803
411.96162244845226
415.1054602036071
417.28491418324637
415.05642276492176
411.8107804884296
414.7797024395867
418.27173219562803
412.05455897606527
409.73910307845875
413.1051927706129
416.7446734935516
412.76020614419645
416.41418552977683
416.84276697679917
417.4784902791192
420.4106412512073
419.4695771260866
420.242619413478
419.3383574721302
412.04452172491716
412.9500695524255
411.955062597183
415.4795563374647
419.68160070371823
416.81344063334643
416.81344063334643
414.23209657001183
411.2388869130107
405.34499822170966
407.7404983995387
407.07644855958483
411.0688037036264
409.04192333326375
409.2577309999374
413.0919578999437
418.12276210994935
417.79048589895444
419.93143730905905
423.22829357815317
425.2454642203379
427.0609177983041
427.0548260184737
426.47934341662636
427.16140907496373
423.9252681674674
423.22274135072064
416.55046721564855
419.8254204940837
417.7228784446753
414.04059060020774
414.15653154018696
411.76087838616826
412.12479054755147
407.78231149279634
408.9240803435167
403.68167230916504
407.44350507824856
402.5391545704237
405.6352391133814
404.97171520204324
402.754543681839
405.1990893136551
410.02918038228967
413.3262623440607
405.8136361096546
400.67227249868915
401.72504524882027
404.86254072393825
409.74628665154444
405.79165798638996
399.41249218775096
397.5612429689758
400.5251186720783
399.11260680487044
404.30134612438343
408.0212115119451
401.81909036075064
402.50718132467557
400.326463192208
394.9138168729872
400.9024351856885
401.49219166711964
404.99297250040775
404.183675250367
398.0253077253303
398.9027769527973
401.50249925751757
399.84224933176586
403.5880243985893
407.3192219587304
408.90729976285735
413.97656978657164
416.5189128079145
404.67702152712303
408.3393193744107
407.82538743696966
412.60284869327273
413.26256382394547
418.08630744155096
415.54767669739584
418.1429090276563
419.02861812489067
410.0857563124016
412.74718068116147
417.6224626130453
420.3902163517407
417.0311947165667
420.8680752449101
416.30126772041905
413.7711409483772
416.33402685353946
418.4506241681855
421.78556175136697
425.12700557623026
426.74430501860724
427.0198745167465
427.43788706507183
425.2240983585647
429.2516885227082
433.0665196704374
430.6498677033937
428.49488093305433
416.6653928397489
418.308853555774
416.16796820019664
416.16796820019664
416.26117138017696
416.5750542421593
420.0775488179434
415.6997939361491
419.0598145425342
422.50383308828077
418.9534497794527
415.5081048015074
419.9172943213566
422.625564889221
422.6230084002989
417.230707560269
418.2476368042421
416.83287312381793
417.65958581143616
417.58362723029256
419.76526450726334
419.898738056537
421.44886425088333
424.253977825795
425.1585800432155
423.36272203889393
424.33644983500454
426.41280485150406
427.3115243663537
429.4903719297184
426.88133473674657
425.6732012630719
422.6858811367647
420.5072930230882
421.9365637207794
417.4129073487015
420.0116166138314
421.51045495244824
422.2294094572034
426.1764685114831
427.2888216603348
427.2399394943013
427.42594554487124
427.46335099038413
427.45701589134575
429.0313143022112
423.20818287199006
425.98736458479107
414.84862812631195
394.5837653136807
372.6053887823127
342.9848499040814
308.18636491367323
276.8677284223059
271.0509555800753
287.8658600220678
297.169274019861
313.18234661787494
325.4041119560875
331.54370076047877
344.0993306844309
356.23939761598785
364.9954578543891
367.8259120689502
376.3933208620552
383.2439887758497
388.26958989826477
390.3726309084383
395.0253678175945
400.6228310358351
402.61054793225156
398.20949313902645
399.6385438251238
404.56468944261144
399.1482204983503
400.94339844851527
403.71905860366377
407.4971527432974
413.08743746896766
414.0786937220709
417.22082434986385
417.6287419148775
418.79586772338973
410.69628095105077
412.9366528559457
415.9629875703511
415.316688813316
412.4450199319844
416.760517938786
420.24446614490745
417.89001953041674
419.85101757737505
422.33591581963753
425.8923242376738
427.4330918139064
429.0297826325158
424.2168043692642
425.7151239323378
426.45361153910403
428.33825038519365
429.6344253466743
427.43098281200685
427.7878845308062
427.7878845308062
429.7490960777256
432.1241864699531
428.62176782295785
428.2895910406621
426.56063193659594
429.04456874293635
431.51011186864275
430.6591006817785
431.91319061360065
430.3518715522406
427.4266843970166
426.7940159573149
423.00461436158344
424.4541529254251
422.0987376328826
416.5888638695943
420.8499774826349
419.2149797343714
421.0234817609343
417.1611335848409
413.9150202263568
418.4635182037211
415.087166383349
419.3284497450141
422.1556047705127
423.00004429346143
426.41003986411533
423.4590358777038
426.84313228993346
430.0988190609401
427.44893715484613
431.06404343936157
428.2576390954254
427.75187518588285
425.4666876672946
422.3800189005651
421.0520170105086
424.27681530945773
422.94913377851196
423.5842204006608
424.7657983605948
425.78921852453533
429.1702966720818
421.67326700487365
424.2059403043863
422.67534627394764
424.7478116465529
427.0530304818976
426.83772743370787
427.2339546903371
424.81055922130344
427.6795032991731
429.8615529692558
424.92539767233023
421.9128579050972
419.6015721145875
422.5514149031288
423.81627341281586
424.1346460715343
427.43118146438087
428.39806331794284
429.2882569861486
430.0694312875338
431.2324881587804
430.7892393429024
428.7703154086122
430.003283867751
432.54295548097593
430.4086599328784
422.2177939395906
423.4760145456316
425.2384130910684
425.8745717819616
426.2171146037655
427.1554031433889
421.87986282905
422.771876546145
420.8346888915305
423.9112200023775
427.2700980021398
430.0830882019258
430.51477938173326
430.22330144355993
429.73097129920393
431.53787416928355
434.15408675235517
427.1886780771197
424.32981026940774
428.466829242467
430.1501463182203
430.4451316863983
432.3506185177585
431.24555666598263
431.8310009993844
434.207900899446
432.74711080950135
433.1823997285512
435.76415975569614
434.8877437801265
434.8877437801265
436.3489694021139
431.1840724619025
429.77566521571225
428.5280986941411
430.015288824727
431.54375994225427
427.69938394802887
427.819445553226
424.7275009979034
429.18475089811307
428.16627580830175
422.80964822747154
426.2586834047244
427.132815064252
413.3995335578268
400.5495802020442
388.9646221818398
392.80815996365584
396.4373439672903
398.1036095705613
401.62324861350515
402.96092375215466
403.1748313769392
403.7473482392453
401.25261341532075
404.8773520737887
404.2896168664098
406.24065517976885
409.726589661792
410.8639306956128
411.3375376260515
408.0837838634464
408.01540547710175
409.9138649293916
413.07247843645246
416.5052305928072
418.2047075335265
420.32423678017386
420.1718131021565
417.42463179194084
413.37216861274675
417.9549517514721
414.3994565763249
416.8795109186924
418.4815598268232
414.5334038441408
417.8200634597268
416.52805711375413
415.57525140237874
420.3577262621409
417.57195363592683
420.9547582723341
422.75928244510067
425.2433542005906
422.38901878053156
421.50011690247845
423.4801052122306
423.3020946910076
419.8818852219069
420.5936966997162
421.6543270297446
424.62889432677014
423.4960048940931
425.63640440468384
427.2027639642155
424.99248756779394
424.81323881101457
421.8319149299131
418.7287234369218
422.98585109322966
424.64726598390666
426.942539385516
427.15828544696444
430.59245690226805
424.97321121204124
426.03589009083714
429.37230108175345
432.1850709735781
430.3165638762203
430.0249074885983
429.09241673973844
430.1031750657646
428.3828575591882
429.8845718032694
430.6461146229425
432.91150316064824
428.5103528445834
431.1993175601251
431.19938580411264
432.2094472237014
434.2785025013313
436.98065225119814
437.39258702607833
436.37332832347056
434.0059954911235
431.8953959420112
431.4658563478101
421.1292707130291
425.7563436417262
425.7563436417262
426.07070927755353
423.7836383497982
425.3252745148184
427.1327470633365
428.73947235700285
427.3655251213026
425.3089726091724
418.5980753482551
416.02826781342964
412.68544103208666
413.12689692887795
412.7442072359902
413.6197865123912
416.17780786115213
418.900027075037
417.27002436753327
421.06302193077994
421.506719737702
421.04604776393177
423.28144298753864
422.66329868878483
422.1269688199064
421.8142719379158
418.10284474412424
419.1825602697118
420.57430424274065
417.5768738184666
416.0991864366199
418.80926779295794
417.03834101366215
415.4245069122959
414.3920562210663
412.2428505989597
415.5485655390637
417.89370898515733
410.32433808664166
412.8319042779775
415.67871385017975
417.1908424651618
411.9617582186456
405.4755823967811
379.998024157103
366.4982217413927
347.3583995672534
318.4325596105281
294.98930364947523
268.8603732845277
241.47433595607495
219.83690236046746
200.59321212442072
198.00389091197866
216.8835018207808
218.68515163870273
239.28663647483248
259.6579728273492
276.7721755446143
287.5849579901529
303.1464621911376
315.3418159720238
324.06763437482147
336.78087093733933
349.88278384360535
358.05450545924487
367.5590549133204
375.54314942198835
382.68883447978953
386.73995103181056
394.59595592862956
398.4263603357666
402.96372430219
406.357351871971
410.8616166847739
416.5554550162965
417.82990951466684
420.61691856320016
424.09522670688017
426.21570403619216
428.754133632573
428.59872026931566
429.8288482423841
432.5959634181457
432.2463670763311
432.371730368698
433.6445573318282
431.9901015986454
431.2610914387809
430.64498229490283
430.9304840654126
434.78743565887135
434.8286920929842
435.4758228836858
434.89824059531725
430.88841653578555
432.72957488220703
431.56661739398635
433.3199556545878
434.497960089129
433.95816408021614
436.3123476721945
436.3123476721945
435.4211129049751
437.0190016144776
434.7971014530299
435.02739130772693
429.82465217695426
431.98218695925885
432.51396826333297
434.8025714369997
436.2923142932997
437.61308286396974
435.3317745775728
435.2985971198155
434.52873740783394
433.01586366705055
436.4942773003455
437.544849570311
437.69036461327994
437.461328151952
434.6251953367568
435.08267580308114
437.32440822277306
438.5219674004958
442.0597706604462
439.98379359440156
439.3154142349614
441.7238728114653
441.05148553031876
439.28633697728685
439.69770327955814
440.4279329516023
440.6851396564421
439.1666256907979
436.8999631217181
438.2899668095463
437.03097012859166
436.00787311573254
437.1470858041593
437.9823772237434
440.2941395013691
438.98472555123215
439.616252996109
442.7946276964981
443.8251649268483
445.57264843416345
442.7053835907471
442.77484523167243
442.6273607085052
440.7246246376547
441.9621621738892
440.2759459565003
438.3383513608503
438.44451622476527
438.5600646022888
437.00405814205993
437.62365232785396
434.3512870950686
434.2461583855617
431.50154254700556
432.631388292305
434.9282494630745
436.3454245167671
435.4308820650904
436.20779385858134
436.52701447272324
435.80431302545094
435.53388172290585
430.4704935506153
430.69344419555375
431.5640997759984
431.9476897983986
432.6929208185587
434.56362873670287
436.05726586303257
436.5815392767293
436.82338534905637
437.46104681415073
437.82494213273566
437.52244791946214
440.5302031275159
439.76718281476434
439.7104645332879
441.0694180799591
440.4624762719632
440.33622864476695
442.07260578029025
441.7853452022612
442.13681068203516
444.47312961383165
443.5858166524485
444.76723498720366
442.6105114884833
440.039460339635
441.8055143056715
440.51496287510435
441.4134665875939
441.8021199288345
440.3619079359511
438.895717142356
439.95614542812035
439.95614542812035
438.6805308853084
439.32247779677755
439.10023001709976
438.08020701538976
427.0021863138508
403.9419676824657
378.1977709142191
358.0279938227972
363.5751944405175
367.8976749964658
372.58790749681924
382.69911674713734
388.1392050724236
390.9052845651812
396.3247561086631
397.8122804977968
403.57105244801716
407.55394720321544
409.9185524828939
412.27669723460457
412.71902751114413
412.73712476002976
412.7534122840268
414.7480710556241
417.38326395006175
416.9549375550556
419.3694437995501
419.1224994195951
423.3002494776356
421.08022452987205
422.47220207688486
425.5349818691964
428.92148368227674
428.36933531404907
427.7024017826442
428.2821616043798
426.7839454439418
426.0255508995476
425.7629958095929
426.3066962286336
424.71602660577025
425.57442394519325
427.7169815506739
428.6752833956065
429.7077550560459
430.46697955044135
426.48028159539723
425.31225343585754
429.1210280922718
430.35892528304464
430.9930327547402
431.4337294792662
432.1903565313396
433.1013208782056
435.9411887903851
435.21706991134664
435.615362920212
434.56382662819084
433.00744396537175
431.6466995688346
432.21202961195115
433.3308266507561
434.50774398568046
435.1869695871124
433.3782726284012
436.9704453655611
439.21340082900497
439.4220607461045
439.249854671494
439.8948692043446
439.29538228391016
437.0358440555192
434.7022596499673
434.75203368497057
436.05683031647357
435.99114728482624
433.93203255634364
436.09882930070927
434.86894637063835
434.92205173357456
436.9498465602171
437.80486190419543
438.7643757137759
438.2179381423983
439.3061443281585
436.49552989534266
436.5959769058084
436.4763792152276
434.7887412937049
433.60986716433445
434.188880447901
436.3299924031109
436.6369931627998
433.06329384651985
431.4869644618679
432.0482680156812
433.35344121411305
436.39809709270173
437.5182873834316
437.5182873834316
437.01645864508845
437.2948127805796
439.3353315025216
438.92179835226943
439.7696185170425
436.2626566653382
433.73639099880444
433.922751898924
432.85047670903157
434.2654290381284
432.1688861343155
430.66199752088403
430.1257977687957
430.0832179919162
431.01489619272456
433.87340657345214
434.40606591610697
438.3354593244963
437.8519133920467
434.97672205284204
433.8390498475579
435.4051448628021
437.4246303765219
437.77216733886974
438.31495060498276
438.6134555444845
437.26210999003604
436.8858989910325
438.3373090919292
437.66357818273633
436.80722036446275
436.0764983280165
435.5488484952148
436.3139636456933
434.772567281124
435.00531055301167
435.8247794977105
437.95230154793944
437.3170713931455
438.70536425383096
437.91482782844787
435.66334504560314
436.45701054104285
437.9713094869386
437.04417853824475
438.8797606844203
439.5417846159783
434.4376061543805
435.29384553894243
436.90446098504816
437.74401488654337
440.289613397889
439.1906520581001
441.6115868522901
440.3804281670611
438.45238535035503
437.95714681531956
438.08143213378764
439.3932889204089
438.36396002836807
440.5075640255313
439.55680762297817
440.55112686068037
443.23601417461236
441.6724127571511
442.22517148143595
439.14265433329234
438.32838889996316
435.36555000996685
433.1389950089702
436.75509550807317
437.20958595726586
437.44862736153925
440.46376462538535
434.5273881628468
435.35464934656216
437.56918441190595
436.3622659707154
437.0660393736439
437.6594354362795
436.0234918926516
437.9411427033864
436.4870284330477
434.568325589743
434.6314930307687
436.4983437276918
435.7985093549226
433.5086584194304
432.8377925774874
424.38401331973864
424.0556119877648
423.74005078898836
426.3360457100895
426.42244113908055
426.90019702517253
426.9101773226553
428.93915959038975
427.94524363135076
427.6407192682157
427.6407192682157
428.2266473413942
427.05398260725474
428.6485843465293
427.6637259118763
427.6173533206887
427.9556179886199
429.10005618975794
428.30005057078216
431.010045513704
431.36904096233354
429.9621368661002
432.3159231794902
431.21433086154116
430.01289777538705
429.94160799784834
431.0974471980635
429.2977024782572
430.49793223043145
431.97813900738834
432.1103251066495
429.78929259598453
426.97036333638613
400.1633270027475
375.8669943024728
343.88029487222553
340.422265385003
322.67003884650273
316.1030349618525
302.97273146566727
285.9454583191005
285.2509124871904
296.6458212384714
309.11123911462425
320.9601152031618
314.5941036828457
307.6546933145611
313.98922398310503
324.1103015847945
336.4392714263151
339.66534428368357
349.84880985531527
363.64392886978374
369.8095359828054
375.0885823845249
382.5297241460724
389.83675173146514
396.18307655831865
401.3047689024868
405.93429201223813
408.88086281101437
411.11277652991294
414.74149887692164
415.7973489892295
417.5476140903065
421.35285268127586
420.9475674131483
421.5928106718335
422.70352960465016
423.95317664418513
422.84785897976667
427.26307308179
426.45676577361104
429.16108919625
431.38498027662496
428.9864822489625
426.59783402406623
427.0580506216596
422.5922455594937
425.49302100354436
426.2737189031899
427.18634701287095
429.4377123115838
428.79394108042544
429.6045469723829
431.61409227514457
433.5726830476301
434.0954147428671
434.5858732685804
433.86728594172234
433.22055734755014
425.37850161279516
428.1906514515157
429.90158630636415
430.64142767572775
433.747284908155
429.2625564173395
426.4063007756056
425.87567069804504
427.79810362824054
427.1282932654165
429.9554639388749
429.06991754498745
427.4929257904887
425.8836332114398
426.4552698902959
426.3397429012663
429.26576861113966
429.2491917500257
430.0342725750231
430.0342725750231
430.3608453175208
428.0247607857687
432.13228470719184
433.5990562364727
433.96915061282544
434.91223555154295
433.72101199638865
434.0789107967498
436.40101971707486
437.1209177453674
438.54882597083065
437.6039433737476
