93
177
262
345
430
530
605
711
810
901
991
1074
1158
1247
1321
1424
1527
1605
1687
1832
2030
2478
3005
3823
4690
5277
5873
6697
7613
8635
9318
10096
10781
11430
12331
12965
13623
14445
15379
16288
17142
18015
18585
19159
19764
20566
21150
22006
22635
23455
24495
25264
26367
26995
28222
29161
29915
31030
32316
33331
34480
35260
36402
37178
38054
38557
39099
39526
39987
40551
41338
41701
42086
42748
43256
44206
45294
45989
46569
47458
48164
49150
49828
50734
51428
51996
52837
53402
53816
54237
54844
55333
56023
56670
57244
57708
58366
58850
59226
59551
59551
59960
60376
60832
61342
61864
62324
62761
63204
63592
64156
64574
65016
65499
65956
66554
66941
67421
67934
68410
68925
69339
69794
70264
70815
71330
71776
72221
72676
73247
73624
74035
74466
74805
75131
75481
75900
76255
76601
76957
77338
77726
78111
78527
78941
79290
79644
79991
80374
80696
81151
81529
81854
82235
82585
82940
83423
83737
84126
84442
84764
85108
85535
85945
86368
86713
87130
87450
87770
88157
88536
88920
89331
89649
89974
90398
90715
91126
91436
91764
92121
92444
92765
93115
93429
93751
99440
101228
103842
104997
107263
108452
109433
110653
111654
113530
114804
115804
116541
117602
117602
119328
120172
121023
121848
122906
123252
123578
123901
124215
124531
124859
125211
125533
125885
126197
126684
127005
127323
127705
128030
128350
128667
128986
129371
129691
130037
130353
130716
131034
131352
131675
132086
132444
132894
133209
133531
133882
134199
134514
134825
135155
135514
135832
136177
136503
136819
137143
137497
137816
138138
138456
138782
139101
139420
139741
140060
140379
140723
141084
141402
141720
142010
142327
142680
143029
143481
143796
144219
144539
144914
145244
145565
145886
146201
146520
146842
147161
147484
147804
148122
148444
148764
149074
149402
149720
150044
150378
150716
151034
151412
151770
152096
152412
152730
153054
153369
153783
154102
154418
154418
154780
155102
155408
155736
156058
156380
156698
157020
157401
157721
158040
158370
158683
159002
159350
159705
160034
160347
160666
160984
161309
161626
161948
162272
162584
162904
163226
163554
163871
164192
164509
164830
165149
165466
165788
166134
166451
166817
167133
167521
167832
168183
168500
168883
169208
170394
171300
172006
173361
174178
175032
175390
175706
176025
176347
176699
177050
177396
177718
178035
178395
178718
179125
179480
179930
180251
180634
180955
181274
181600
181942
182259
182580
182903
183218
183545
183860
184182
184501
184828
185142
185496
185817
186136
186459
186778
187098
187385
187740
188061
188382
188698
189086
189427
189753
190109
190413
190713
191034
191034
191346
191665
191989
192309
192631
192952
193276
193629
193975
194291
194613
194974
195288
195639
195960
196277
196595
196921
197274
197658
198114
198453
198810
199129
199481
199794
200183
200502
200860
201180
201502
201845
202164
202520
202790
203164
203480
203804
204124
204440
204761
205080
205529
205877
206207
206553
206873
207194
207514
207863
208182
208507
208921
209242
209564
209908
210266
210612
210933
211255
211570
211893
212216
212543
212856
213182
213492
213815
214132
214458
214779
215093
215457
215772
216091
216414
216760
217076
217404
217723
218074
218395
218718
219034
219359
219710
220056
220378
220698
221045
221404
221724
222044
222846
223932
224733
226015
226330
226675
226675
226999
227321
227637
227962
228278
228599
228919
229240
229553
229880
230198
230524
230837
231144
231476
231797
232120
232428
232766
233115
233434
233743
234076
234411
234740
235057
235383
235701
236024
236350
236662
237022
237341
237660
237977
238297
238620
238938
239262
239579
239869
240185
240499
240827
241178
241499
241812
242138
242488
242801
243134
243447
243767
244090
244469
244857
245172
245531
245848
246168
246491
246873
247199
247576
247899
248219
248538
248886
249204
249523
249908
250231
250587
250933
251256
251572
251928
252253
252568
252889
253211
253592
253915
254232
254556
254875
255227
255546
255859
256181
256567
256949
257274
257586
257911
258296
258612
258929
259288
259288
259641
260019
260445
260761
261082
261468
261790
262104
262426
262776
263081
263413
263738
264055
264411
264760
265077
265401
265784
266163
266487
266802
267191
267506
267893
268218
268522
268854
269173
269496
269816
270130
270457
270769
271091
271411
271740
272039
272377
272692
273017
273371
273698
274012
274329
274712
275059
275417
275743
276061
276382
276698
277082
277404
277722
278107
278435
278778
279130
279515
279835
280153
280476
280825
281207
281590
281904
282234
282551
282874
283188
283496
283834
284152
284469
284787
285174
285494
285818
286244
286556
286898
287223
287542
287864
288166
288473
288755
289075
289401
289753
290138
290814
291876
292975
294565
295801
296484
297325
297325
298013
298330
298637
298968
299290
299608
299931
300273
300597
300889
301176
301494
301851
302172
302489
302838
303163
303448
303775
304092
304410
304758
305080
305401
305717
306043
306359
306677
306982
307315
307614
307932
308254
308572
308893
309241
309530
309849
310170
310488
310772
311102
311415
311735
312055
312379
312678
313014
313334
313625
313946
314264
314586
314936
315252
315582
315948
316279
316621
316954
317336
317659
318048
318362
318681
319034
319347
319670
319989
320299
320606
320921
321244
321567
321881
322200
322520
322849
323160
323482
323802
324085
324445
324768
325082
325433
325748
326107
326516
326837
327196
327519
327837
328152
328493
328823
329142
329457
329783
329783
330108
330417
330750
331046
331357
331675
331995
332285
332595
332921
333241
333558
333875
334197
334522
334839
335161
335476
335801
336088
336376
336690
337003
337336
337757
338074
338396
338662
339032
339352
339674
339956
340278
340601
340919
341242
341557
341878
342168
342481
342808
343159
343480
343757
344082
344380
344692
345055
345369
345689
346013
346329
346674
346998
347315
347637
347958
348264
348570
348889
349214
349532
349912
350232
350652
351000
351323
351663
352088
352380
352692
353055
353372
353675
354012
354362
354719
355064
355421
355740
356043
356342
356705
357017
357336
357659
357978
358361
358684
359034
359349
359669
360057
360436
360826
361202
361527
361852
362168
362168
362487
362812
363121
363446
363763
364084
364413
364760
365083
365464
365789
366093
366426
366781
367096
367409
367773
368090
368410
368733
369048
369373
369719
370038
370360
370679
371040
371384
371769
372087
372445
372764
373085
373401
373723
374046
374362
374686
375003
375324
375642
375968
376269
376628
377248
377949
379130
380414
381130
381820
382233
382552
382940
383263
383580
383896
384217
384538
384922
385274
385590
385946
386298
386650
386968
387291
387615
387962
388276
388596
388925
389220
389532
389849
390168
390452
390778
391099
391415
391738
392118
392437
392762
393082
393395
393720
394042
394360
394678
395003
395352
395701
396026
396344
396664
396986
397298
397630
397982
397982
398300
398618
398910
399224
399512
399833
400152
400505
400822
401151
401499
401816
402146
402456
402782
403103
403418
403739
404064
404379
404697
405017
405337
405684
406004
406330
406644
406956
407287
407608
407924
408245
408537
408860
409177
409500
409816
410137
410421
410740
411064
411384
411697
412021
412343
412660
413016
413340
413660
413978
414302
414617
414936
415258
415604
415966
416283
416603
416920
417240
417594
417913
418230
418550
418869
419224
419546
419864
420189
420465
420789
421111
421433
421754
422069
422393
422745
423089
423476
423799
424119
424442
424762
425080
425398
425721
426010
426334
426650
426972
427292
427611
427964
428282
428599
428954
429277
429596
429914
429914
430235
430522
430875
431179
431515
431836
432185
432508
432867
433177
433525
433820
434139
434463
435300
436063
436793
437113
437430
437734
438070
438387
438710
439003
439323
439642
439934
440252
440566
440881
441212
441530
441843
442171
442485
442805
443127
443450
443768
444072
444409
444728
445049
445369
445688
446042
446360
446682
447000
447322
447606
447926
448243
448569
448856
449182
449498
449820
450153
450490
450808
451128
451449
451769
452089
452414
452724
453048
453368
453684
454011
454324
454650
454962
455270
455604
455926
456243
456607
456950
457242
457562
457880
458202
458525
458842
459149
459487
459833
460148
460471
460788
461108
461469
461771
462071
462392
462709
463033
463033
463349
463642
463964
464281
464602
464924
465240
465553
465855
466165
466489
466809
467127
467448
467768
468085
468409
468725
469043
469363
469727
470068
470427
470749
471066
471392
471710
472029
472344
472669
472985
473334
473627
473951
474265
474571
474870
475192
475511
475811
476324
477872
479160
479878
480604
481760
482355
482443
482539
482643
482807
483256
483956
484275
484597
484920
485240
485557
485913
486237
486556
486874
487196
487513
487838
488154
488479
488798
489115
489438
489759
490074
490394
490714
491032
491352
491674
491992
492315
492634
492952
493276
493593
493912
494235
494585
494908
495223
495537
495860
496181
496509
496822
497140
497469
497780
498099
498428
498739
498739
499060
499385
499697
500058
500383
500699
501018
501339
501659
502006
502331
502648
503002
503321
503642
503961
504283
504609
504950
505304
505625
505946
506264
506586
506908
507226
507550
507866
508187
508506
508825
509144
509466
509811
510169
510494
510809
511134
511450
511768
512090
512411
512728
513050
513370
513688
514012
514333
514650
514972
515314
515646
515957
516284
516633
516952
517276
517592
517914
518234
518553
518872
519195
519512
519834
520153
520472
520793
521116
521435
521756
522074
522392
522712
523034
523354
523675
523994
524312
524634
524961
525273
525622
525940
526264
526581
526900
527221
527543
527860
528182
528539
528860
529177
529501
529816
530136
530462
530778
530778
531103
531448
531803
532123
532714
533683
534450
535411
535740
536055
536376
536689
537051
537370
537691
538042
538358
538677
539001
539354
539675
540000
540343
540702
541019
541336
541656
541979
542298
542651
543003
543320
543642
543967
544286
544603
544922
545240
545625
545947
546265
546614
546938
547253
547574
547891
548249
548576
548889
549214
549561
549886
550198
550517
550837
551163
551516
551859
552224
552542
552859
553180
553502
553847
554171
554487
554804
555126
555453
555763
556083
556405
556764
557082
557400
557723
558049
558392
558747
559064
559389
559706
560024
560370
560695
561020
561340
561657
561976
562297
562610
562937
563259
563579
563934
564253
564597
564918
565239
565239
565562
565878
566195
566519
566837
567161
567478
567795
568118
568439
568761
569076
569400
569719
570036
570354
570680
570993
571324
571629
571960
572312
572634
572982
573337
573658
573978
574298
574618
574965
575291
575610
575929
576281
576601
576923
577242
577561
577886
578202
578550
578905
579229
579550
579934
580249
580572
580889
581209
581532
581848
582169
582489
582808
583133
583452
583799
584155
584476
584798
585114
585433
585757
586073
586395
586716
587068
587382
587703
588060
588377
588696
589018
589336
589659
589976
590296
590623
590938
591285
591605
591921
592248
592563
592895
593207
593526
593884
594229
594586
594908
595258
595571
595896
596219
596532
596851
597174
597494
597494
597811
598141
598455
598782
599097
599420
599731
600056
600373
600701
601018
601331
601650
602008
602330
602652
602969
603292
603610
603954
604316
604723
605796
606982
608746
609523
610233
610993
612060
612798
613274
613599
613944
614264
614814
615452
615834
616157
616475
616794
617116
617432
617754
618074
618392
618743
619060
619380
619701
620021
620343
620659
620988
621301
621625
621979
622329
622644
622967
623289
623605
623932
624246
624565
624895
625242
625567
625882
626200
626523
626843
627162
627480
627827
628145
628467
628826
629174
629499
629819
630170
630492
630811
631133
631452
631801
632125
632442
632760
633082
633393
633721
634078
634398
634715
635037
635353
635741
636057
636057
636378
636731
637044
637401
637720
638042
638387
638707
639028
639350
639676
639993
