0.0
0.0
0.0
0.0
0.0
0.0
0.0
0.0
0.0
0.0
0.0
0.0
0.0
0.0
0.0
0.0
0.0
0.0
0.0
0.0
0.0
0.0
0.0
0.0
0.0
0.0
0.0
0.0
0.0
0.0
0.0
0.0
0.0
0.0
0.0
0.0
0.0
0.0
0.0
0.0
0.0
0.0
0.0
0.0
0.0
0.0
0.0
0.0
0.0
0.0
0.0
0.0
0.0
0.0
0.0
0.0
0.0
18.3
18.3
0.0
0.0
103.10387965542326
136.04616863403393
24.60101623917191
18.6
0.0
0.0
0.0
0.0
0.0
18.3
0.0
0.0
67.5
18.3
0.0
18.599999999999998
55.340401155033206
18.900000000000002
92.16772754060936
101.53034029293903
108.7345851143968
104.80095419412936
46.12472222138579
18.900000000000002
128.08469853967725
141.3367963412218
184.54541446484114
173.77790423411142
148.5713633241615
176.73225512056365
141.90944295571032
140.41655885257978
166.2210576310956
118.8675313111196
160.9690653510792
119.87364180669576
146.42557836662283
168.25706523055723
192.57645235074824
192.57645235074824
199.593987885407
180.95582333818385
159.63912427722724
119.08551549201944
150.87411971574184
166.27555442698124
176.01193141375387
162.43878847122693
155.46964333914192
139.74462422576403
127.79060998367603
129.43198986340278
177.8788632749827
64.05591307599947
153.31174123334455
174.555693118271
150.10666207733752
109.7285742183867
162.30973476658755
170.06531098375117
125.42073193854355
119.75157619004436
122.7837122748779
130.09185216607534
144.2572701807434
128.86132080651663
118.12637300789355
164.9398678306734
134.93465084995773
188.3676192980099
127.16638706828152
132.83677954542557
135.5470766929335
131.85522363562242
172.98485482839243
48.857855049111606
136.15656429272883
57.4011323930112
178.83500775854822
121.16038956688774
121.96970935441307
168.72821340842793
67.77381500255095
132.1204374803535
66.87488317746805
59.8956592751094
190.69989512320134
128.23743603176104
171.62228876227005
135.6607533518814
128.43928526739785
53.688360004753356
177.53954489070878
182.36161876886268
151.66594871624943
179.4436959048715
31.636845607613918
140.49569388418993
141.59858756357704
52.2574396617362
201.1190940711498
61.452420619532965
44.48156921692399
48.93710248880699
39.54440541973036
67.76141970177426
49.07545211202847
33.49865668948532
60.26450032979615
63.54376444624602
49.0576191839759
95.08780153100606
68.18240242173928
47.68909728648677
49.56248581336493
29.742393985689855
47.42161954214554
141.00978689438546
140.77318636729083
34.03880138900311
52.94940981729636
42.75090642313915
38.65811687084616
43.68477995824175
57.681539507887614
152.17177793533202
120.49319482858773
132.12876295492967
115.52060422279655
150.59113519726185
137.85575795011246
136.2860594484997
156.59042116298173
139.55146004252336
106.91534033991569
145.86075551703414
100.67988875639463
147.0121083448571
150.58698482936697
150.58698482936697
104.80725165750698
145.3671558502814
147.45236518957572
168.6215881789755
175.26026360815504
148.62220560871782
34.526656368666806
132.12452459706333
42.935300161987925
29.097250729235572
37.01904915040363
59.0854466006647
49.13949531690369
136.99726274637752
24.613207836444236
73.586955365744
27.803596889611242
39.271490931717885
49.80371472089205
61.17720163590355
43.311545804785126
40.427218553840675
47.79968619143854
55.16529706255555
33.86975051576259
23.90585702291386
56.376324818136204
44.17193679249304
26.92600973037037
38.192276706161415
29.165219011692677
52.01047971322702
136.04322842390945
36.03068137018782
52.67485168465119
34.07051511204373
61.206290526382986
47.67819207981779
47.40559038763255
136.14657542516449
62.29157246369688
48.39886362302322
77.0122717493777
37.88720100508878
36.362755671153415
58.670691149840735
44.9956664580046
66.04392477737828
137.52966952625167
52.343480969457886
61.47161946784874
178.46414205660474
137.25071948809594
135.64792663362016
38.46088922528963
50.84102674022231
184.1618853074653
68.35795491382112
156.11691131969016
55.786109382175056
81.15300364127012
139.3088654752453
44.9956664580046
38.905141048452705
26.605262637305426
44.739244517537394
38.505713861711484
46.412929233135024
35.234074416677956
140.45956713588433
139.49369161363535
180.42574649977203
46.165030055226865
178.45293497166136
45.24919888793613
50.524845373340824
135.83077707206124
57.32617203337408
138.89020843817607
39.22448215082004
180.19336835743985
47.508841282439214
141.4209673280451
36.26306661053364
56.289963581441405
141.16288464040397
175.42477020079005
44.993332839433
52.6430432251024
143.9527700323964
43.29491887046331
49.61945183091002
32.25151159248198
61.40977120947447
79.978059491338
40.02811511925087
137.89869470013122
42.99348787898
36.000138888620974
36.000138888620974
52.9340155287694
55.11224909219365
144.4290829438448
147.134768154913
143.94040433457175
28.65239955047395
31.811318740347748
143.84088431318824
43.096287543128355
44.45323385311804
47.17509936396531
55.992945984293414
140.9482529157421
50.24151669685142
142.02182930803278
146.18618265759594
62.6916262350882
37.17579857918321
42.722359485402954
135.8603694975102
176.27197735317998
45.26190451141003
33.93464306575214
58.36814199544131
40.661529730200755
145.84018650564047
54.95352581955047
56.51805021406878
33.59107024195567
143.23393452670354
142.50529814712155
36.011664776846956
40.228845372443885
54.49807336044092
25.031180555459226
69.57363006197103
138.24069588945218
91.41312816001869
44.46976500949831
176.47053578430592
52.26892001945324
132.7680684502113
45.41904886718787
144.61811781377878
36.819016825548175
146.36925906760612
100.75892020064525
138.64414881270685
131.98545374396377
130.42963620282012
117.01833189718609
93.37242633668679
42.18814999499266
41.24669683744385
28.81128251223815
137.8889408183267
25.88995944376893
138.60577188558923
25.147763320025106
142.57450683765313
123.34763880999101
55.27169257404734
142.20017580861142
45.15351592068994
93.02128788616078
41.09014480383344
50.444920457861755
30.61192578064961
39.713977388320096
66.12117663804842
50.48999900970489
45.537237509537185
48.56387546314647
34.96126427919906
55.13084436139174
50.898330031544255
39.78002011060326
149.76518286971776
33.2264954516723
39.31411960097797
33.36165463522455
142.49592976643228
26.769572278988694
141.87561453611397
38.16294013830696
131.992461905974
35.24840421919835
174.42545685765023
28.667751917442008
140.83394477184825
138.50790591153992
139.41050892956383
134.99422209857724
176.80384611201194
143.61437950288962
62.93139121297097
180.36341092361278
134.80508150659603
130.3788326378174
130.3788326378174
43.82510695936749
25.048752463945185
70.40142044021556
36.567882082505136
54.33792414143183
41.172320799294276
69.79083034324782
41.465166103610386
133.91941606802203
36.864074652702186
36.57813554570544
164.7089554335161
46.67386849190883
116.82675207331579
44.77677969662401
33.64580211556859
27.02683851285607
46.80908031568234
31.76932482757542
39.106137625697585
47.98551864885905
47.15177621256701
51.010195059419246
146.49740612038153
83.55501181856178
135.7521638869893
115.56145551177521
38.18428996328202
77.46870335819492
136.71067990468043
136.0753100308796
38.19738210924932
45.141555134930826
67.73211941169419
215.1562223129975
59.64469800409757
60.0546417856272
39.438052690263504
136.09555466656508
140.1713594141114
51.217575108550385
32.37838785362854
44.17420061529128
144.42354378701555
60.468173446863766
54.334519414456956
44.171936792493035
50.04438030388627
46.61802226607217
49.457456465127684
45.89389937671455
53.961189757083744
68.87387022666869
39.09526825589
44.02090412519943
39.60164138012464
81.2512153755253
84.22713339536138
140.97673566940043
133.96925020317164
62.11996458466473
46.56994739099455
75.4946355710126
47.3392015141785
53.0399849170416
141.20938354089645
32.1284920281049
49.40536408124122
40.7932592470864
42.168827349121294
47.54198144797921
16.0262285020525
62.06681883260974
45.24831488575016
51.15163731494819
35.08347189204626
71.86104647164554
138.916125773792
48.119123017777454
39.68488377203592
62.7251943002172
35.89428923937623
40.22238182902649
43.39919354089429
47.5015789211264
61.93779137166581
140.87994889266534
28.182441342083905
53.41731928878498
55.41516038053124
76.7035853138561
42.58591316386207
40.14673087562672
138.0237660694708
159.65728921662173
143.91417581322557
177.2885783123098
26.12680615766114
39.6208278560658
39.6208278560658
43.66188268959551
36.16296448025244
37.99526286262539
29.835549265934418
35.78211843924281
35.36042986164054
48.752846070768015
42.07564616259624
140.6918618826263
139.31148552793485
137.81349716192534
55.43067742685453
140.29215943879402
144.80956460123758
184.19185649751185
40.73340152749338
69.07705842028885
141.52134114683906
52.98575280205048
69.59374971935338
145.41733046648875
140.6065432332365
39.35746434921843
137.4445342674637
37.53078736184467
142.1907169965747
36.11772418079522
33.088366535687435
34.08577415873079
76.61886190749638
141.71270232410362
45.09334762467741
42.56477416831905
29.772638445391433
62.0519943273381
53.058552562240145
46.14152143135291
141.378357608228
176.87116780300855
138.85852512539518
187.3147351384829
79.23231663910882
144.00819421130174
59.615098758619865
135.27013713307161
60.687395725966034
138.23244915720767
139.07968938705608
136.52267210980014
141.487419935484
143.9766995037739
50.90343799784058
28.238980151556465
38.99025519280426
141.96548876399504
77.47618989083034
41.24669683744384
122.4846520997631
144.77237305508257
52.08646657242167
55.08212051110596
50.44799302251776
44.2313237423435
142.90727763133688
36.43363830308469
47.02722615677008
141.4252099167613
144.27574293691922
42.849037328742874
136.8926952032138
37.099865228865724
32.33017166672642
133.62724273141313
51.730455246401995
42.323634059470834
65.42598872007973
41.44743659142264
38.60103625552039
137.94234302780276
44.20644749355008
25.752863918407208
43.29491887046331
134.62633471947456
47.49736834815167
143.99638884360954
41.501927666073534
173.10112651279886
58.818704508004934
62.34773452179317
145.51618466686102
137.95147697650793
32.31160782133876
37.23506411972457
41.141341737964744
136.8893348657959
133.06318048205523
34.42223118857928
42.03201161020014
128.46264048352737
128.46264048352737
57.29441508559102
29.56957896216989
49.76434466563385
33.08247270081244
143.14398345721696
169.70989953447028
138.50400716224783
33.710532478737264
50.27285549876792
45.87635556580318
141.44313344945382
41.977255746415814
40.3876218661114
32.74751898999373
60.517435504158634
43.47459027984048
36.362755671153415
53.145460765713565
36.122015447646326
156.45433838663598
33.25898374875577
38.05785070126793
36.49602718105081
46.97286450707472
30.57842376578623
39.40824786767359
128.8369512213014
45.345451811620535
59.25402939885185
138.2204398777547
45.225656435258074
29.227555491350966
132.0765308448098
185.04920967137363
31.65833223655346
144.74629528937865
131.79529581893277
182.84485226552047
36.00888779176608
142.7859937108679
44.0953512288994
144.7832863282223
57.38893621596414
54.54915214739822
43.9663507696511
29.56957896216989
58.52179081333722
137.4359850985178
51.79777987520314
31.12940731848263
51.42022948217948
141.26485762566713
49.42104814752516
54.547318907532016
132.2198547873957
49.457961947496386
57.78416738173182
35.797904966631776
49.338017795610725
141.18077064529714
26.803917624108607
52.98688516982292
31.38470965295043
43.43777158188482
41.28207843604776
46.21785369313465
133.8632137668897
52.90226838236712
41.65141054034064
55.07894334498438
56.554840641628545
145.87926514758703
41.668813278038044
190.13269050849726
70.41484218543701
145.20247931767557
48.11039388739194
34.31632264681051
45.67975481545408
87.86717248210505
43.600917421540565
59.657019704306386
56.38829665808323
59.51646830919994
135.26525791939335
138.1723923220554
52.90264643663868
174.51406820081868
39.32480133452679
41.61682352126361
147.09524125545326
39.301399466176775
123.66794249117271
150.55195116636648
135.12916043548853
176.30269425054175
124.21336482037673
112.65189745405978
144.03780753677142
144.03780753677142
151.88034764247809
43.74471396637541
141.00425525493904
143.83518345662162
21.47649878355408
37.19475769513763
142.04171922361402
180.54763914269276
37.10256055853827
204.20452982243071
176.80851223852318
50.707888932591146
51.41750674624354
38.606346628501385
57.69653369137526
136.23028297702388
58.89218963495924
177.99407293502782
137.9130523192058
38.49467495641443
37.141486238436926
64.94774822886471
38.949197681081955
43.17128675404521
134.42429095963274
35.78826623350173
132.926144907614
145.48346985138897
188.6886589066762
49.30273826066865
190.25519703808357
144.44708373657113
177.04646282826437
181.9109672339741
56.376945642700434
139.45164036324564
150.08800751559068
139.80304002417114
185.84942830151508
57.14971565983509
213.16821995785392
177.80089988523682
183.85594904707324
51.421396324876284
144.95064677330694
141.10620113942548
188.78403004491665
34.025872509018775
140.33901809546768
199.3456545801789
52.930992811395484
24.253041046433744
135.43489210687179
39.291347648050966
29.94344669539564
139.4010401682857
141.73990263860068
57.56118483839609
214.3566187454915
138.8222244455116
135.91982931125244
45.56764202808831
166.14647152437516
207.40385724474848
183.2905889564437
45.96520423102676
62.03708568267855
23.229507097654913
34.92219924346117
147.74738576367434
142.6954799564443
144.60459882036946
140.60472965017928
144.89406475076888
24.310697233933872
48.963659993917936
54.48385081838471
153.135234351863
138.20795924982033
55.481979056266546
46.06745054808221
183.2137822326694
147.94826798580644
44.06177481672748
25.582220388386933
131.5662950759046
49.66497759991441
66.55832029130544
76.52032409758861
20.492925608609426
142.02182930803278
70.40710191450859
52.49342816010401
183.7738828016647
115.42828942681251
140.09354017941013
53.71740872380201
49.9464713468329
137.7911463048334
137.7911463048334
142.41699336806687
137.0190132791796
187.92235098571965
146.28810614674043
151.71581987386813
44.54884959232954
134.90426234926753
147.557988601092
42.22132162782212
33.66363022610604
142.94180634090222
56.92767341109243
34.11290078547997
55.62229768716858
60.37913546913371
38.06310549600492
46.165030055226865
68.4427497986456
137.40727782763184
144.99065487127092
183.19729801500895
50.1438929481946
142.66870715051706
133.1401141654911
78.08815531180129
140.73151743657138
52.724187997540554
188.64201546845285
144.478925798886
185.21730480708328
41.36919143517311
185.7827763814504
42.1218470630147
147.11356157744262
140.4697832275682
45.048418396210096
47.52104796824245
44.00454521978383
177.11849141182296
183.3865862052075
145.89503075841893
60.15388599251091
44.862122107631066
190.38476829830688
178.40123317959436
135.22754896839623
38.23035443204784
137.5632218290921
41.76840911502376
53.352132103600134
177.99662918156625
138.96765810792093
139.1668423152584
180.42161733007495
26.97332015158683
141.07218010649726
51.84447897317515
139.2059265979721
187.656174958353
142.4259807759806
47.05624294394953
146.69454659257104
45.80622228475079
51.63032054907271
51.683266150660415
55.4277908634288
54.92576808748331
192.75551872773966
35.77443221072838
142.49407005205515
53.786987273875084
50.36625854676919
29.302730248220897
139.33560205489476
31.8535712283568
59.53486373546176
168.89002338800242
43.90227784523258
45.45822257853908
41.73020488806639
132.56605900455818
82.33856933418264
138.6641986959864
140.97588446255622
36.2303739975176
63.264919189073495
47.633601585435464
36.692778581077775
29.52304184869845
61.20825107777545
57.16782311755451
141.10566962386733
31.34086788842964
30.23309444962589
143.0387709678743
93.24639403215548
209.20793483995772
69.29567086045131
137.96336470237307
137.96336470237307
144.6045988203695
62.29317779660948
47.937876465275345
136.0706066716835
32.65593361090753
44.65926555598513
149.59411753140563
143.09594683288552
25.144383070578606
45.444471610967156
45.38766352215104
133.77895948167634
55.80895985413095
53.552684339816246
52.874284865140254
143.4353164321814
69.11179349430891
51.81399424865834
47.62184372743247
36.420461282087025
46.86800614491723
45.49461506596138
58.531102842847574
30.05811038638324
23.741103596926575
47.14329220578469
67.33082503578876
32.48322644073399
130.2864536319874
140.40900968242744
41.077487751808775
130.9840066573015
42.01237912806177
24.987997118616768
45.37851914727936
35.005856652851676
58.05006459944726
50.960376764698275
47.189935367618375
56.03177669858417
54.057746900883686
50.431736039918356
128.8369512213014
49.3295043559126
189.99063134796936
171.57319137907297
132.60075414566842
151.0385381285187
0.0
0.0
225.97435695228788
46.05605280525025
139.10675756410973
40.07754982530743
43.2208283122848
134.36279246874858
36.83598783798257
43.43788668892629
64.3875764414223
139.10359448986213
54.79461652388855
35.60182579587738
67.21792915584354
52.63658423568155
64.6876340578321
37.74387367507474
61.636434030531
132.64177320889524
140.34190393464098
25.974795475614435
181.59801761032526
146.2822272184834
38.191753036486816
57.88307179132773
38.23140070674889
145.8012345626744
47.68909728648677
44.4883130720867
60.252883748414895
175.05016423871186
57.562922094000754
42.0376022151597
47.64923923841806
138.13124194040972
56.260465693060176
42.54456487026281
138.76890862149202
39.729711803636334
31.324271739339764
49.31216888355246
30.58447318493487
62.0728604141939
137.5735803125004
46.9143901164664
62.95148925958782
59.70602984623915
50.752438365067746
40.18258329176958
63.18860656795654
63.18860656795654
56.5176078757762
61.469097927332555
149.51417992953043
51.78233289453073
146.87137229562472
37.186556710725455
35.9556671471967
36.013886210738214
50.514948282661834
51.95007218474292
65.18044185183159
68.0330066952799
144.47245412188443
52.41039973135103
140.0374592742956
138.36907168872673
42.14925859371669
142.7748227104485
58.733380628055116
136.9957663579426
139.0633308963941
36.11703199323001
137.64232633895722
37.609174412635014
42.410376088877115
45.548216210956056
19.102094126037596
142.27329334769755
39.380325036749
37.10309960097673
47.78535340457366
21.434551546510132
141.06168863302327
34.9737044077404
141.29221493061817
141.50137808516214
145.4664566145749
37.41938000555327
144.47837208385207
61.042689980045935
32.18136106506373
58.728187440104094
34.99199908550525
182.397258751331
32.63127334322092
141.0669699114573
46.53643733677944
46.68361596963115
47.72934108072308
51.5961238854238
147.41166846623778
31.0201547384922
34.15918617297549
140.68422086360644
138.50906107544012
32.13347164562211
32.84037149607172
46.92717762661633
59.27394031106756
53.93598056956043
52.324850692572454
35.352651951444884
50.21045707818243
44.69463054998889
47.03360500748375
55.158317595807794
48.08835617901698
30.91342750327113
48.45781670690499
191.06347112936058
32.609201155502106
48.66096998622202
28.457687889215457
29.103436223236592
41.91944656123217
128.58164721296737
86.4775115275642
128.4898439566334
37.22687201471539
39.578403201746276
35.71610281091709
34.12975241633024
40.482588850022914
42.9023309390061
41.12614740040696
35.31302875710323
187.2363479669479
142.13317698553004
37.03795350717963
31.067829019743233
48.76361348382624
42.408136011855085
86.69377140256387
59.80710660113896
40.95900389413786
89.48988769687891
36.56350639640569
39.00512786801243
57.563877562235156
57.563877562235156
46.20010822498146
135.83081388256494
54.74568476144947
143.21805053833123
25.23965134466005
35.05723891010243
49.90280553235459
57.05865403249537
77.51703038687693
37.50213327265531
66.52067347825036
191.10321818326346
16.655629678880352
49.16096012081131
175.1461104335463
145.47608050810277
181.40950912231696
60.61385980120388
59.353938369749315
146.06604670490674
68.61494006409974
49.4064773081425
146.72726399684552
139.9281601394087
137.67338159571733
39.930564734298464
147.43880086327343
60.08127828200728
48.911041698168724
62.324072395824714
65.88656919281804
143.53382876520783
142.0276029509757
64.06871311334417
37.609174412635014
60.61880896223548
42.031535779697606
43.179161640772975
146.76021259183292
137.9239283083251
136.84257378462303
36.1186932211009
139.02172492096335
46.74355570557294
39.9961248122865
134.73826479512047
77.93741078583507
143.3990585743156
148.46615775994204
21.47649878355408
136.31085796810171
37.299329752691264
38.68849958320948
49.22032100667366
148.19382578231796
47.52104796824245
61.18995015523383
57.14551600956981
139.4140954136274
39.00256401827962
45.997391230373054
37.72585320440083
143.11467430001719
27.31098680018721
63.93441952501016
35.09829055666387
52.903308025113134
137.4699967265585
135.49450173346517
44.58261993198695
49.15729854253588
50.74091051607174
55.66587823792956
41.98154356380908
141.38401606970996
42.673645262620816
31.375786842723166
38.969860148581496
64.2685770808721
59.2827124885493
144.30457373208932
56.431905868931985
61.35055011978295
51.58720771664231
51.32494520211395
54.0408179064677
145.84954576549083
47.619743804434734
52.35035816496388
42.886011705450066
40.94007816309099
41.22632654020972
43.45445891965518
52.814391977944794
141.54296167595191
141.91930805919256
41.938526440493824
181.8727302263866
31.52522799283139
31.52522799283139
46.81121660457032
140.77130389393997
47.08460470259892
56.89850613153213
40.97511439886409
143.84088431318824
144.21359159247092
183.18122174502494
145.19397370414515
138.2933114796229
53.87104973916881
30.239212952720845
62.375075150255334
53.6
39.762293696415455
140.6457962400583
40.23133107417651
42.1218470630147
143.49107986212942
35.8530333444745
57.59591999438849
116.84866280792433
61.84820126729637
134.79395387034242
65.10829440247994
64.51271192563524
138.37572041366215
141.32147749015363
49.472820821133695
62.35455075613969
142.24798768348182
139.68926229313405
145.93796627334504
45.65971966624412
45.17742799230607
176.45951377015635
42.18814999499267
52.60427739262274
63.67071540355111
144.28960461516274
143.13311985700585
113.31906282704601
177.44351213837038
205.91524955670477
113.4305514400772
180.01111076819674
96.40129667177719
0.0
90.29999999999998
97.2
222.94261593513252
127.36231781810505
187.69467227388208
59.607130445945806
31.260198335903116
26.026140705068048
134.5484671038656
45.8602224155095
89.64201024073478
142.9882512656197
32.92658500361068
25.67800615312645
36.025546491344166
40.67050528331311
47.77070231847131
25.94995183039845
58.913156425369024
34.770821100457205
39.79560277216567
43.83788316057243
54.929864372670714
31.487140232164624
31.294727990509838
36.20234799015114
49.23423605581792
54.58791074954234
38.22054421381255
51.16678610192358
36.2926989902928
52.6297444417128
45.242126386809005
53.17414785400891
50.024494000439425
61.51170620296595
51.35065724993206
42.52540417209459
52.34777932252714
49.86431589824531
35.358874416474286
57.429609087995715
39.48936565709811
45.76253926521124
138.36386811592106
46.15853117247124
46.09219022784663
42.505176155381356
43.63358797990374
40.72210701817872
45.149197113570025
45.149197113570025
60.08527273800129
32.48445782216474
143.89357178136902
52.70189749904647
67.4166151627327
55.05306530975364
42.91864396739487
39.94546282120161
34.90573018860943
41.548164821084455
48.97917924996294
36.55954047851258
75.88965673924214
48.66662100454479
33.872702874143364
32.74751898999373
30.35457131965464
50.47217054971977
36.751734652938495
49.4
37.821290300570126
31.410348613156142
25.355275585171622
55.598651062773094
36.502191715018974
36.07270436216281
52.00769173881879
47.383963531979894
26.631560224665773
47.33708905287692
35.782677373276584
72.32876329649221
55.74988789226396
47.304968026624856
65.2059046406075
44.9528642024065
38.39322856963191
51.94660720393585
34.46868143692184
62.59041460159854
35.403530897355424
20.76150283577757
32.843416387458845
27.925078334715554
66.96932133447373
44.958202811055514
34.16445521298415
43.85704048382654
20.14671189052943
49.99089917174925
53.78745206830307
50.835420722169694
47.921185294189044
46.65190242637485
47.989165443879095
60.2850727792544
68.90870772260934
141.41414356421353
35.25563784701675
33.30225217609164
33.20978771386532
61.820384987478036
50.66320163590137
49.40283392681032
40.380812275138794
52.78342542882187
138.06987361477522
53.34800839768997
35.8920604033817
29.455729493597676
39.299363862536
49.63708291187144
40.876032097061476
63.87652150829756
36.12755181298617
40.084410934925806
38.06691476860188
48.49494819050743
24.303086223770016
37.415103902034005
55.86376285213877
37.204972785905916
45.70776739242467
61.713531741426046
35.53885197920721
43.087817303734475
54.45374183653498
31.219385003551878
29.34348309250284
33.52073984863699
50.979996076892746
61.68054798718961
38.771252236676595
44.61714916934967
39.271490931717885
41.141341737964744
57.22097517519253
28.63581673359431
47.055817918722866
47.055817918722866
53.8624173241417
69.33606565129003
62.49391970424003
43.1612094362519
164.34174758715452
169.81531144157762
139.46271903272213
138.08638600528295
44.65926555598513
51.19140552866272
67.99382324888047
37.21034802309701
60.27677828152397
73.09281770461445
47.49410489734489
53.773227539362004
40.14523633010522
55.40252701817851
24.404098016521733
61.89062933918187
57.2364394420198
62.450700556518974
67.90795240617994
81.03092002439563
27.72525924134885
40.36941911893209
43.64733668850827
46.94986687947049
26.632498943959426
85.41832356116574
68.29641279013123
25.731109575764506
43.6467639121161
52.127152233744745
48.5119572888994
45.76297630180974
49.2342360558179
56.51159173125457
45.66880773569637
54.07180411267965
62.3493384086792
54.73764700825201
31.250599994240112
40.81188552370498
45.78646088091981
49.574287690293644
138.43352195187407
75.20877608364599
19.724096937502612
35.07777073874564
37.1
61.47877682582827
38.382287581643695
53.73462570819676
36.58209944768069
60.36066600030189
50.12544264143709
51.260998819765504
63.8200595424354
45.78689768918615
48.926577644466406
23.605931458004363
37.628313807557205
53.58553909405036
59.17676909058149
29.23371341448089
34.874632614552375
30.844934754348238
54.653545173209025
34.98299586942205
38.09055000915581
52.81107838323319
86.65339000870075
34.55662020510687
44.13116812412742
37.88720100508878
53.92253703230218
23.264565330132434
82.52126998538013
48.28705830758382
40.62708456190279
37.23506411972457
42.8303630617346
58.755510379878416
53.431170677798185
47.70702254385616
61.075772610749674
41.32360100475272
79.95273603823699
55.93567734460717
56.21779077836482
34.36917223326742
53.89100110408045
63.32685054540451
51.90192674650913
40.322326321778604
32.241122809232316
19.84338680769994
39.58332982456125
39.58332982456125
46.340586962186826
59.46562031964351
34.16445521298415
49.01795589373347
38.50246745339836
142.98884571881823
36.01110939696249
71.92523896380186
47.40210965769351
45.88681727903996
40.00012499980468
54.229973262025496
46.48236224634027
49.2971601616158
30.994193004496825
38.160712781603024
28.297703086999835
28.579888033370597
39.069809316145886
146.8342262553251
35.37569787297489
72.49034418458778
43.41704734318077
47.16661955239107
38.77318661136843
42.13324103365417
58.751085096362274
61.631566587261105
37.186556710725455
54.05774690088369
62.63138191034906
48.27266307134919
46.87813989483798
43.99045350982414
57.943852132905356
52.85158464984754
50.75391610506523
39.85837427693207
52.553211129292556
37.1451208101414
58.70059624910125
55.16919430261783
49.35220359821839
34.897564384925204
49.266723049133276
30.65354791863415
60.878978309429606
136.2631645016363
33.60357123878354
32.601226970775194
53.33863515314205
21.88515478583599
63.55005900862721
32.078653338318304
45.237263400873395
49.51858237066162
45.060514866121984
53.07127283191916
41.42173342582369
53.614270488369044
26.835796988351213
38.379682124790975
44.34467273529031
28.73743203558731
36.96809435175148
48.97305381533808
54.83830777841344
51.23085008078628
38.353748187106824
53.79302928818937
25.89613870830939
46.55759873532998
38.99025519280427
40.67972467950097
137.1338397333058
54.43491526584753
41.6467285629976
47.225522760473496
44.958202811055514
36.45545226711637
76.17880282598304
40.62708456190279
49.124739185058274
50.49960395884308
65.56340442655491
29.936766692480333
30.37515432059564
62.065207644863314
42.57182166644975
131.68147174147168
54.45631276537184
47.297885787844685
36.25203442567051
57.94273034643776
49.76102892826876
52.3201681954483
52.28345818707864
67.65352910233139
57.11120730644731
57.11120730644731
52.522852169317694
51.10234828263766
47.58991489801174
55.5063960278453
41.537452979209014
47.75981574503821
55.64746175702896
67.14380090522133
37.14619765198048
65.95786533841131
52.66507381557534
51.79237395601788
48.78329632158942
79.60251252316097
43.340627591210534
53.65118824406408
66.07639518012465
33.21761580848331
27.221498856602295
74.75433097821157
45.55096047285941
121.99114721978805
135.54515852659586
193.95762423787315
141.43549766589715
134.455234185955
124.76333596052967
150.98542976062294
155.12433722662607
131.97882405901333
165.3396504169523
53.30065665636775
38.822802577866526
26.054558142482477
153.32843832766315
153.10898079472673
56.01071326094678
63.51503758953465
37.0113496106262
136.79331123998716
55.194655538376175
16.104657711357916
59.1355223194993
54.73426714591143
42.408136011855085
38.124008183820344
30.20281443839299
51.010195059419246
46.80640981745983
43.30865964215471
53.62797777280065
48.02540994098853
41.7709229009846
49.60252009726925
39.15660863762336
55.763877196622545
47.772795605867564
57.950064710921595
43.74882855574535
75.4485917694956
30.877176036677966
51.543767809503414
53.983793864455286
40.485058972415985
57.9831009864081
143.19598458057405
40.64677108947278
140.39601133935395
56.15905982119003
77.33311063186324
53.02867149005338
40.6227768622481
37.96577406032966
49.16797738365897
33.855723297546014
38.41301862650214
37.20967616091277
56.9982455870354
46.759384084908554
51.324847783505405
182.28044327354485
43.29491887046331
27.221498856602295
30.3679106953376
29.28497908484826
64.24398804557514
33.970722688809545
41.32662579983999
22.25511177235468
45.04320148479679
39.342597778997764
49.52665948759315
46.821042278018545
49.6290237663406
52.40076335321843
42.15222414060734
52.201915673660864
38.8212570636243
30.223997088406428
30.223997088406428
45.48637158534411
73.1108747041095
26.280981716823288
45.205751846418835
49.73539986769986
29.346890806352896
77.15309455880562
43.19965277638236
30.688923083093027
59.42760301408766
39.487213120198795
35.3679233204326
